1.13170731707317	6
1.18425	11
1.19925	35
1.21768292682927	30
1.258	59
1.29075	64
1.2925	34
1.299	59
1.3025	36
1.3135	11
1.3165	2
1.34825	19
1.35344827586207	3
1.354	83
1.35975	3
1.364	13
1.37275	35
1.38825	24
1.39225	57
1.393	13
1.394	5
1.40338266384778	8
1.408	33
1.411	71
1.418	23
1.42	26
1.42175	6
1.422	86
1.42225	2
1.43161094224924	5
1.4365	15
1.44075	59
1.4455	18
1.44825	25
1.454	19
1.457	21
1.4575	4
1.45775	138
1.45875	26
1.46275	314
1.46375	103
1.466	39
1.46675	11
1.47325	27
1.48075	24
1.4825	5
1.483	13
1.48325	42
1.48875	89
1.4925	21
1.49525	20
1.49825	70
1.499	173
1.49975	25
1.50325	23
1.5055	37
1.5075	5
1.508	39
1.5095	86
1.51	48
1.5115	19
1.51925	23
1.5205	5
1.5215	32
1.52325	65
1.532	63
1.53625	11
1.54175	20
1.5425	112
1.5445	19
1.54575	7
1.5475	125
1.55175	15
1.552	3
1.55625	44
1.557	19
1.55925	29
1.56322795341098	6
1.565	36
1.56525	49
1.56575	118
1.566	13
1.569	30
1.572	48
1.57325	18
1.57475	38
1.57925	83
1.58025	13
1.58075	5
1.58225	43
1.58285428642839	180
1.5875	95
1.5895	29
1.59	44
1.59125	2
1.596	15
1.597	7
1.5985	54
1.59975	44
1.60075	58
1.60125	6
1.60225	6
1.606	15
1.60625	5
1.6065	44
1.607	107
1.60925	10
1.61025	110
1.61375	10
1.61425	17
1.6165	3
1.618	10
1.6185	13
1.629	33
1.631	14
1.634	81
1.63575	21
1.636	14
1.63825	121
1.63875	4
1.6405	32
1.641	30
1.64275	20
1.64525	30
1.6455	50
1.647	23
1.64725	14
1.65075	7
1.65125	37
1.65175	61
1.65225	183
1.6525	10
1.653	16
1.657	148
1.6585	2
1.65875	45
1.661	7
1.66175	18
1.665	12
1.6655	82
1.669	5
1.6695	3
1.67025	10
1.6705	11
1.67075	11
1.67125	13
1.67725	13
1.6775	18
1.6785	19
1.67925	29
1.682	9
1.68425	37
1.68825	57
1.68925	26
1.6925	3
1.69325	13
1.69425	15
1.69475	27
1.6995	48
1.701	35
1.7025	10
1.704	17
1.70625	10
1.70725	14
1.7145	8
1.71625	34
1.7165	3
1.718	49
1.719	27
1.71975	99
1.72	22
1.72325	6
1.72425	6
1.7248322147651	7
1.726	5
1.72925	200
1.7315	19
1.7345	3
1.73525	41
1.739	33
1.741	4
1.74425	7
1.7455	5
1.747	43
1.749	16
1.751	48
1.7525	55
1.7535	22
1.7565	41
1.757	6
1.76075	2
1.766	46
1.76675	8
1.76775	11
1.76825	19
1.7685	5
1.77075	283
1.7715	10
1.7745	6
1.777	7
1.7815	83
1.7825	3
1.783	39
1.78425	9
1.7855	23
1.78625	131
1.787	4
1.78775	10
1.788	3
1.79375	12
1.79475	23
1.7965	7
1.79875	5
1.8005	5
1.804	99
1.8045	3
1.80475	25
1.8055	18
1.80625	10
1.80725	21
1.8075	7
1.8105	12
1.81125	7
1.813	8
1.815	29
1.81575	14
1.816	141
1.8165	13
1.81675	184
1.8235	19
1.824	10
1.826	3
1.8265	84
1.827	28
1.829	3
1.82975	83
1.8345	2
1.83725	10
1.83975	105
1.84175	9
1.8435	22
1.84425	7
1.8445	17
1.845	15
1.84725	69
1.84775	5
1.84975	220
1.85175	7
1.8545	2
1.85625	4
1.85725	53
1.85825	2
1.86075	6
1.861	5
1.86325	8
1.864	6
1.86725	119
1.874	30
1.8745	38
1.875	99
1.8775	5
1.87825	26
1.8785	6
1.88025	45
1.8805	26
1.881	11
1.882	3
1.8835	16
1.88525	179
1.88575	18
1.8875	23
1.889	57
1.88925	1
1.88975	1
1.89025	7
1.8915	57
1.89175	1
1.89325	19
1.8945	9
1.898	3
1.89875	37
1.9005	25
1.90225	20
1.903	42
1.90775	108
1.908	103
1.90875	52
1.91025	17
1.91275	9
1.9135	134
1.91475	8
1.9175	22
1.91875	72
1.919	68
1.91925	3
1.92025	15
1.9225	4
1.92325	49
1.928	7
1.93	3
1.93225	5
1.934	6
1.93425	11
1.93675	3
1.938	26
1.93875	4
1.93925	12
1.93975	14
1.94025	31
1.9415	7
1.94325	9
1.94775	27
1.94825	71
1.94925	4
1.9495	48
1.9505	52
1.95075	27
1.952	4
1.95375	14
1.959	28
1.96225	11
1.9655	2
1.967	9
1.97175	23
1.973	53
1.97325	54
1.97375	151
1.97425	59
1.97575	21
1.977	117
1.97775	23
1.97825	4
1.9785	13
1.979	24
1.982	8
1.983	5
1.986	25
1.98725	17
1.989	55
1.98975	18
1.99025	17
1.99525	30
1.996	6
1.99625	9
1.998	3
1.999	1
1.9995	37
2	16
2.0005	5
2.001	2
2.002	55
2.0025	18
2.00275	48
2.00453221107154	10
2.0055	16
2.00575	17
2.006	4
2.00625	7
2.00825	3
2.0085	6
2.0095	43
2.01025	9
2.01175	4
2.014	12
2.01425	29
2.01475	7
2.0155	15
2.0165	8
2.01675	35
2.0205	9
2.02075	13
2.0225	25
2.02275	83
2.0245	13
2.025	6
2.02575	2
2.02725	25
2.0275	4
2.028	58
2.02825	7
2.03075	8
2.032	17
2.03275	22
2.03299175206198	6
2.03525	35
2.036	25
2.03625	3
2.0365	9
2.03825	27
2.0385510996119	11
2.0395	39
2.04025	1
2.041	6
2.04275	1
2.04725	5
2.0485	13
2.0545	29
2.05475	1
2.0555	9
2.057	54
2.058	6
2.05875	22
2.062	6
2.06325	3
2.0655	15
2.06725	39
2.0675	5
2.06825	3
2.0685	6
2.0695	15
2.07025	75
2.071	6
2.0735	76
2.074	63
2.0795	42
2.08375	3
2.08625	21
2.08725	7
2.08775	12
2.088	42
2.08875	19
2.089	10
2.08925	7
2.0925	7
2.09425	6
2.09525	47
2.1005	27
2.101	5
2.1015	13
2.10225	5
2.103	44
2.104	97
2.1065	29
2.10675	75
2.1085	7
2.1095	7
2.10975	22
2.1115	33
2.1125	3
2.113	22
2.11425	22
2.11525	7
2.1155	25
2.1165	11
2.11675	54
2.1205	104
2.1215	90
2.12271932016996	23
2.12275	15
2.123	10
2.124	55
2.125	35
2.12575	43
2.12725	2
2.12825	5
2.129	116
2.12975	121
2.1305	40
2.13475	60
2.136	3
2.13625	13
2.137	110
2.13725	3
2.138	2
2.139	51
2.13925	41
2.13975	9
2.14075	3
2.14125	70
2.1415	36
2.143	9
2.14375	14
2.14425	4
2.14525	4
2.14625	17
2.14675	10
2.1475	32
2.14775	2
2.148	68
2.14825	5
2.15	4
2.15025	2
2.15075	102
2.15325	55
2.15525	19
2.15625	13
2.15825	25
2.15875	4
2.16	56
2.16125	33
2.1615	5
2.16275	17
2.1655	21
2.16825	21
2.16975	55
2.17125	27
2.172	21
2.17225	52
2.1745	3
2.17675	3
2.178	7
2.17825	32
2.17925	15
2.18025	110
2.1805	4
2.18075	20
2.1815	17
2.18175	3
2.182	3
2.18475	25
2.18525	23
2.1855	7
2.18675	29
2.187	38
2.18775	5
2.19075	16
2.1925	15
2.194	12
2.19925	46
2.19975	5
2.2025	11
2.20275	32
2.203	3
2.20375	25
2.20475	272
2.2055	2
2.20625	41
2.207	59
2.20775	27
2.2085	4
2.2095	20
2.21075	51
2.2115	5
2.2185	120
2.22025	7
2.22125	12
2.22225	12
2.223	5
2.22375	7
2.2255	21
2.229	16
2.23075	5
2.2315	26
2.2335	18
2.234	100
2.2365	21
2.23675	5
2.238	5
2.24075	35
2.242	28
2.24225	136
2.2425	9
2.243	7
2.24325	6
2.24475	44
2.24525	11
2.2455	87
2.24625	34
2.2465	5
2.2475	22
2.248	19
2.24925	18
2.25025	21
2.25175	4
2.25325	4
2.2535	7
2.256	6
2.257	100
2.25775	23
2.25925	13
2.26175	23
2.263	17
2.26375	26
2.268	6
2.269	78
2.2695	27
2.27	18
2.27225	15
2.27475	3
2.27575	10
2.277	7
2.279	21
2.281	3
2.2815	38
2.283	20
2.28475	17
2.28525	38
2.2855	11
2.28725	31
2.289	3
2.28925	6
2.2895	86
2.29125	31
2.29325	37
2.29625	3
2.2965	57
2.29725	82
2.2975	11
2.29775	31
2.2995	15
2.30125	23
2.30175	10
2.30325	1
2.3045	23
2.30475	31
2.30625	19
2.30775	3
2.309	13
2.31175	8
2.31325	9
2.32175	20
2.32225	95
2.32475	13
2.32525	7
2.32625	185
2.32675	2
2.32925	24
2.32975	59
2.33	7
2.33075	11
2.331	9
2.3315	9
2.332	3
2.33225	9
2.33325	39
2.3335	60
2.33475	31
2.3355	13
2.33575	264
2.33725	56
2.33825	5
2.34025	58
2.343	41
2.34425	6
2.345	8
2.34525	20
2.3455	27
2.34675	21
2.3475	9
2.34925	30
2.35125	7
2.35225	81
2.35275	13
2.3535	33
2.35425	12
2.3545	29
2.35575	53
2.35825	9
2.359	384
2.35925	5
2.35975	5
2.36175	148
2.3635	19
2.364	3
2.36475	21
2.36525	19
2.3655	3
2.36675	102
2.36775	4
2.36875	4
2.37025	37
2.37075	2
2.3715	37
2.37225	6
2.37275	2
2.37625	40
2.3765	4
2.37725	2
2.37925	19
2.38175	13
2.3825	11
2.38475	3
2.38525	12
2.38625	12
2.3905	6
2.3915	25
2.3925	322
2.39425	82
2.39825	2
2.3985	1
2.4	3
2.40125	11
2.4015	2
2.40175	10
2.40225	72
2.4045	7
2.40475	2
2.40575	3
2.406	236
2.4075	35
2.40925	11
2.4095	70
2.4105	48
2.41175	11
2.41325	7
2.414	53
2.4155	12
2.4165	7
2.418	5
2.4195	3
2.42375	2
2.4245	33
2.42475	71
2.4305	27
2.433	23
2.4335	42
2.434	68
2.43575	69
2.43975	11
2.4405	9
2.44125	17
2.44275	3
2.44325	16
2.44375	74
2.44475	3
2.445	12
2.44725	48
2.44775	44
2.44875	21
2.45075	40
2.451	3
2.4515	7
2.45225	12
2.45275	32
2.4535	23
2.456	7
2.4565	1
2.4575	3
2.45775	54
2.45825	10
2.4585	253
2.45875	3
2.46	23
2.462	5
2.46375	14
2.4645	51
2.466	4
2.46725	13
2.46925	18
2.4695	57
2.4705	5
2.473	4
2.474	30
2.4755	103
2.47775	2
2.47875	5
2.47975	5
2.481	9
2.482	31
2.4825	46
2.48275	46
2.48325	9
2.48525	7
2.4865	57
2.487	16
2.488	3
2.48875	3
2.489	12
2.48975	26
2.4905	2
2.49075	7
2.49125	6
2.49175	163
2.49275	14
2.4935	8
2.494	3
2.4955	1
2.496	10
2.49775	6
2.49825	8
2.499	6
2.4995	7
2.50175	108
2.503	3
2.5035	23
2.504	28
2.5045	166
2.50525	26
2.50575	2
2.5065	105
2.5075	36
2.50775	11
2.50875	6
2.509	6
2.51175	104
2.5135	14
2.514	14
2.515	14
2.51525	2
2.51725	11
2.5185	5
2.51975	38
2.52225	6
2.52275	4
2.52375	28
2.52475	5
2.52525	10
2.52575	19
2.526	40
2.5275	3
2.528	3
2.52825	24
2.5285	5
2.529	18
2.5305	17
2.53125	58
2.53275	3
2.534	7
2.53525	9
2.53625	37
2.53825	4
2.5385	35
2.539	21
2.5395	2
2.54075	3
2.54225	63
2.54325	11
2.54425	5
2.54625	8
2.5465	102
2.5495	10
2.5505	21
2.551	21
2.5515	17
2.5525	1
2.553	37
2.55475	24
2.5565	12
2.55675	5
2.5595	43
2.56375	3
2.56425	6
2.565	6
2.56525	51
2.56825	3
2.57175	14
2.57225	47
2.57425	32
2.5775	1
2.57825	133
2.57875	22
2.5805	29
2.584	8
2.585	3
2.587	16
2.5875	16
2.58925	29
2.59025	1
2.59075	2
2.5915	3
2.59175	3
2.592	7
2.594	4
2.59475	12
2.59525	19
2.5975	20
2.60075	33
2.60125	5
2.6015	6
2.6025	88
2.603	7
2.60525	14
2.6065	60
2.60675	15
2.608	3
2.60825	85
2.60925	114
2.60975	11
2.61375	22
2.6165	35
2.61675	13
2.618	5
2.619	76
2.6255	10
2.62575	16
2.62775	13
2.6305	5
2.63325	3
2.6355	45
2.63625	23
2.63725	11
2.6375	44
2.63975	57
2.641	10
2.643	24
2.64325	211
2.6435	72
2.644	117
2.64425	15
2.64525	6
2.64575	2
2.64625	11
2.647	128
2.6475	13
2.64975	9
2.65	14
2.65175	19
2.65325	26
2.65425	14
2.657	6
2.65825	3
2.6585	10
2.65875	18
2.6615	37
2.6625	164
2.6635	57
2.66375	4
2.66475	2
2.66525	12
2.66725	11
2.67	12
2.6705	6
2.6725	4
2.67325	6
2.67475	71
2.67575	1
2.67675	12
2.6775	6
2.67775	2
2.67925	1
2.6795	17
2.6815	11
2.68225	57
2.683	29
2.6835	44
2.68475	9
2.68525	103
2.686	19
2.68625	73
2.68675	14
2.68725	11
2.68775	12
2.688	12
2.68825	6
2.68925	9
2.69525	44
2.69575	6
2.696	3
2.701	16
2.7015	19
2.70275	17
2.70425	5
2.706	18
2.7065	5
2.707	12
2.7095	13
2.70975	3
2.71	42
2.71025	6
2.7105	5
2.7115	11
2.71225	51
2.71325	17
2.7145	6
2.719	28
2.7195	10
2.72275	10
2.723	1
2.72425	5
2.7245	39
2.72525	33
2.727	10
2.728	43
2.72875	7
2.73025	10
2.73075	9
2.731	6
2.73275	6
2.733	49
2.73375	69
2.73475	16
2.73575	7
2.73625	4
2.73925	34
2.74075	3
2.7415	84
2.7455	46
2.7465	134
2.74675	16
2.74775	12
2.74975	91
2.751	3
2.75175	5
2.75225	172
2.754	9
2.75525	117
2.756	15
2.7565	21
2.758	17
2.7585	3
2.75925	3
2.76	73
2.7605	31
2.76075	51
2.76275	13
2.76325	21
2.764	2
2.76425	3
2.766	10
2.767	9
2.768	8
2.7685	1
2.76875	30
2.771	29
2.7715	7
2.77275	38
2.77325	1
2.7735	69
2.7745	41
2.775	5
2.77575	222
2.77625	3
2.77725	9
2.779	5
2.77975	47
2.786	68
2.7865	19
2.78725	50
2.7875	3
2.78775	5
2.7885	42
2.79025	23
2.7905	16
2.79075	3
2.79225	4
2.793	67
2.79525	4
2.79725	54
2.7975	6
2.798	3
2.7985	24
2.80175	8
2.803	16
2.80325	43
2.804	5
2.80475	3
2.80575	4
2.8065	7
2.807	8
2.8075	3
2.80925	17
2.81125	5
2.8115	12
2.813	11
2.814	12
2.8145	7
2.815	7
2.8155	2
2.81625	50
2.81675	3
2.818	22
2.82175	25
2.823	40
2.8235	28
2.8245	61
2.825	9
2.82525	6
2.82625	2
2.82725	25
2.8275	11
2.82975	9
2.832	2
2.833	1
2.83675	11
2.8375	5
2.838	34
2.83875	9
2.83925	13
2.84075	18
2.84225	197
2.84525	3
2.84675	34
2.847	10
2.8475	28
2.84825	22
2.85075	35
2.85175	4
2.85225	31
2.85375	76
2.855	52
2.8595	5
2.86425	3
2.866	7
2.86675	15
2.86775	3
2.868	65
2.8685	3
2.86875	3
2.87	7
2.87275	2
2.874	60
2.87475	16
2.87525	8
2.8765	9
2.87675	6
2.877	77
2.8775	52
2.87775	94
2.878	1
2.879	13
2.87975	4
2.88075	25
2.881	13
2.88425	7
2.88475	59
2.886	21
2.88625	62
2.888	10
2.8885	1
2.89025	26
2.8915	6
2.892	62
2.8925	1
2.89275	20
2.89375	1
2.8945	77
2.89677580604849	68
2.90125	12
2.90375	5
2.90475	13
2.90675	1
2.9125	18
2.916	53
2.91625	53
2.9165	3
2.9175	6
2.9215	10
2.92175	9
2.92475	3
2.92525	6
2.92925	8
2.93075	3
2.931	4
2.93125	5
2.93175	96
2.934	19
2.9345	14
2.9365	2
2.93825	3
2.93925	89
2.93975	5
2.94075	9
2.943	22
2.9445	6
2.9465	2
2.947	8
2.948	6
2.94825	29
2.9485	36
2.94875	1
2.94975	2
2.9505	5
2.953	144
2.9565	48
2.95725	4
2.958	14
2.95825	3
2.9595	20
2.96	13
2.96075	2
2.961	5
2.96100974756311	22
2.962	31
2.96475	24
2.965	87
2.96575	237
2.9675	5
2.96925	56
2.9705	3
2.97075	63
2.972	2
2.9735	57
2.97975	71
2.98	57
2.9825	75
2.98325	7
2.9835	4
2.98425	8
2.98475	30
2.985	14
2.98675	19
2.98775	24
2.989	51
2.992	79
2.9935	48
2.99825	9
2.99925	8
3.001	5
3.00175	164
3.002	11
3.0035	164
3.00375	8
3.004	3
3.00425	10
3.00475	14
3.005	37
3.00725	11
3.00825	129
3.0085	31
3.00975	5
3.0115	5
3.014	11
3.01525	34
3.0165	1
3.01725	12
3.0185	41
3.01875	5
3.0205	59
3.0225	13
3.02275	12
3.02325	21
3.0235	9
3.02425	13
3.02475	6
3.0265	5
3.0275	15
3.02875	4
3.0305	53
3.03075	134
3.032	5
3.035	20
3.03625	12
3.03775	29
3.039	4
3.03975	2
3.04075	1
3.0415	66
3.04175	5
3.042	10
3.04225	7
3.04298925268683	194
3.04475	46
3.04525	3
3.0455	4
3.047	11
3.04825	45
3.05	4
3.055	6
3.05725	5
3.05925	2
3.05975	3
3.06	1
3.0615	6
3.06325	5
3.06375	3
3.0645	7
3.0665	6
3.0675	12
3.06825	4
3.06975	24
3.0715	24
3.07475	45
3.0755	4
3.07625	72
3.07725	1
3.08075	27
3.08125	96
3.08175	13
3.08275	49
3.084	3
3.085	4
3.08525	6
3.08575	23
3.08634431455898	5
3.0865	8
3.089	44
3.08925	103
3.09125	1
3.09203336209376	3
3.0935	58
3.0945	29
3.095	24
3.09675	31
3.097	3
3.0975	4
3.09825	5
3.0985	3
3.099	17
3.1005	39
3.10075	1
3.1015	5
3.10175	3
3.10275	11
3.1035	35
3.104	3
3.1055	40
3.10775	10
3.10975	37
3.111	2
3.1115	5
3.113	3
3.1135	4
3.1155	14
3.1175	7
3.11925	3
3.121	7
3.12125	3
3.1225	5
3.12275	5
3.1245	17
3.12525	6
3.1255	6
3.1265	15
3.1285	3
3.12975	49
3.13	12
3.1305	6
3.13175	3
3.13475	2
3.1355	4
3.13675	1
3.13725	2
3.1395	9
3.142	4
3.14375	2
3.1455	31
3.14975	27
3.15	1
3.1515	4
3.15175	39
3.15375	3
3.15475	7
3.157	106
3.1575	1
3.15775	174
3.15825	36
3.1585	197
3.159	12
3.162	1
3.1625	9
3.16275	2
3.1675	200
3.1685	7
3.17025	9
3.1735	3
3.1745	39
3.17475	3
3.175	14
3.176	5
3.17625	5
3.1795	19
3.17975	46
3.18	35
3.18075	11
3.182	17
3.1835	46
3.1845	20
3.1855	3
3.19175	2
3.1935	1
3.19375	9
3.19425	142
3.1965	3
3.19825	6
3.19875	12
3.1995	7
3.20125	3
3.20225	21
3.20375	86
3.2055	2
3.207	9
3.20725	17
3.208	4
3.20875	20
3.21075	1
3.211	4
3.2115	5
3.21275	13
3.21325	5
3.216	2
3.21625	5
3.219	3
3.2195	5
3.21975	24
3.22075	15
3.2265	39
3.22675	7
3.22775	28
3.22825	14
3.2285	18
3.22875	9
3.22975	4
3.23125	6
3.23175	3
3.232	49
3.23225	15
3.2325	3
3.2345	30
3.23475	7
3.23525	4
3.23725	7
3.23825	9
3.2395	33
3.24	1
3.24125	7
3.24175	24
3.24425	4
3.24475	17
3.24525	2
3.246	62
3.249	3
3.2495	1
3.24975	5
3.253	2
3.2535	41
3.25375	10
3.2555	5
3.25675	11
3.25725	55
3.2575	12
3.2585	9
3.25925	20
3.26	1
3.26075	5
3.26125	1
3.26275	3
3.264	4
3.265	15
3.2675	2
3.268	87
3.2685	3
3.26875	14
3.27175	13
3.273	1
3.274	10
3.2745	19
3.27525	53
3.2765	35
3.27825	8
3.27925	3
3.28025	3
3.28125	2
3.28325	7
3.28375	15
3.2855	5
3.287	20
3.28825	19
3.2915	5
3.293	56
3.2935	5
3.29775	28
3.2995	5
3.3005	20
3.30075	2
3.3009247688078	24
3.301	5
3.302	5
3.305	3
3.30675	2
3.307	120
3.308	3
3.3085	177
3.30875	32
3.3105	9
3.31075	3
3.311	8
3.31125	36
3.3115	5
3.3145	17
3.315	50
3.31575	6
3.316	3
3.318	7
3.31825	4
3.32	14
3.32075	17
3.324	2
3.3245	2
3.327	3
3.32825	3
3.3285	1
3.333	67
3.335	18
3.336	14
3.33825	4
3.33925	1
3.3455	28
3.3465	8
3.3485	15
3.34875	2
3.351	16
3.35475	39
3.35525	17
3.356	2
3.3575	1
3.3605	36
3.36125	59
3.36175	7
3.36225	1
3.36325	54
3.36425	6
3.3645	34
3.36475	9
3.3655	2
3.36725	21
3.37025	18
3.371	11
3.372	58
3.3725	24
3.37325	7
3.3765	32
3.379	10
3.381	23
3.383	20
3.38625	35
3.388	12
3.38925	2
3.39	9
3.39375	19
3.39775	4
3.39875	51
3.399	4
3.39975	3
3.40125	8
3.40325	14
3.40525	12
3.4055	1
3.40575	60
3.408	12
3.4085	11
3.40875	17
3.40975	31
3.41025	10
3.411	8
3.41125	3
3.41175	9
3.413	2
3.41375	2
3.414	13
3.4145	49
3.418	52
3.41875	1
3.41925	2
3.42	79
3.42025	6
3.4205	39
3.42225	11
3.4235	2
3.4255	7
3.42575	14
3.4265	14
3.4275	5
3.42925	154
3.43025	3
3.4325	7
3.436	3
3.43675	15
3.4375	2
3.43925	2
3.4415	4
3.44225	2
3.44275	10
3.447	10
3.4475	21
3.4485	6
3.45025	54
3.45175	3
3.455	2
3.4555	24
3.45575	5
3.45675	63
3.45875	5
3.46125	3
3.46225	6
3.4625	1
3.4645	7
3.4655	3
3.46675	13
3.46825	4
3.472	5
3.47375	8
3.477	62
3.479	28
3.48025	47
3.4805	2
3.482	5
3.483	34
3.484	4
3.48675	8
3.49	20
3.491	10
3.49275	3
3.4945	12
3.49625	18
3.49675	21
3.49725	7
3.4975	7
3.49875	10
3.499	5
3.5	5
3.5005	8
3.501	4
3.50275	24
3.5075	1
3.5115	23
3.51225	3
3.51325	73
3.51575	5
3.5165	3
3.51675	11
3.517	1
3.51825	4
3.51875	3
3.5195	27
3.5205	78
3.521	1
3.52125	3
3.52325	55
3.5245	8
3.52475	5
3.526	1
3.5275	4
3.531	6
3.53125	27
3.532	40
3.53275	31
3.534	213
3.53425	16
3.5345	34
3.53475	6
3.5355	11
3.53575	6
3.5365	24
3.53675	10
3.5375	5
3.5385	22
3.53875	10
3.5395	9
3.54325	21
3.544	2
3.54425	11
3.5445	4
3.54675	14
3.547	20
3.54825	15
3.551	23
3.55275	4
3.55325	26
3.55775	30
3.56175	14
3.564	47
3.565	21
3.56525	21
3.567	40
3.56825	15
3.56925	5
3.56975	33
3.5725	6
3.573	39
3.57375	3
3.57425	17
3.5755	35
3.57575	6
3.57825	19
3.58	18
3.5805	1
3.58125	44
3.58290554414784	81
3.5845	5
3.59275	34
3.59475	15
3.595	2
3.5965	10
3.5985	27
3.59885028742814	22
3.59975	17
3.6005	4
3.601	2
3.60125	22
3.60225	4
3.6035	2
3.60375	96
3.6045	9
3.60475	3
3.6055	3
3.60634841289678	13
3.6075	2
3.60775	13
3.6095	3
3.6105	27
3.6135	73
3.61425	32
3.61525	10
3.6155	124
3.616	3
3.61625	31
3.617	2
3.6175	54
3.6195	5
3.62525	20
3.62575	8
3.626	8
3.62625	9
3.628	31
3.62875	5
3.6295	16
3.63025	14
3.6325	11
3.63275	163
3.63475	4
3.639	5
3.63975	5
3.64	47
3.64025	4
3.64425	61
3.64525	23
3.647	2
3.64825	9
3.64875	11
3.649	7
3.65125	22
3.65175	5
3.656	5
3.65625	37
3.6575	13
3.65975	4
3.661	1
3.6625	26
3.663	5
3.665	1
3.66825	3
3.6685	3
3.67	14
3.67225	3
3.6725	15
3.67575	55
3.67625	8
3.68075	9
3.681	2
3.68125	8
3.68275	7
3.68375	19
3.6845	3
3.68525	40
3.6855	7
3.686	49
3.6865	3
3.68725	5
3.69025	12
3.695	3
3.6955	11
3.69975	3
3.70175	1
3.70425	4
3.70575	4
3.70625	7
3.7065	22
3.70725	3
3.7075	2
3.70982254436391	279
3.711	6
3.71125	53
3.71175	3
3.713	2
3.716	2
3.717	2
3.7175	37
3.71975	4
3.72	3
3.7215	8
3.7245	37
3.72475	18
3.7255	3
3.72575	13
3.726	8
3.72725	1
3.728	3
3.729	6
3.73	7
3.73375	13
3.7345	3
3.73475	3
3.7365	3
3.73875	8
3.7405	1
3.742	7
3.74325	29
3.7435	3
3.746	6
3.74625	1
3.74675	3
3.74975	12
3.75175	15
3.753	24
3.754	6
3.75425	8
3.75575	2
3.756	11
3.7565	15
3.75675	8
3.75925	2
3.76025	59
3.761	1
3.7625	13
3.763	10
3.7655	1
3.76725	3
3.7675	2
3.77	5
3.77075	3
3.772	40
3.77225	40
3.774	18
3.7745	3
3.7765	71
3.77925	1
3.7815	6
3.7845	3
3.785	2
3.78775	3
3.788	17
3.78825	3
3.7905	4
3.7975	9
3.79825	2
3.801	15
3.80175	20
3.8025	2
3.80475	14
3.809	6
3.8095	57
3.815	1
3.81675	5
3.8255	100
3.82625	10
3.8325	13
3.833	3
3.83375	7
3.835	41
3.83775	3
3.83875	165
3.8435	4
3.84375	35
3.8455	34
3.846	5
3.849	7
3.85175	1
3.85275	10
3.8535	1
3.85375	22
3.85425	3
3.85725	25
3.8575	4
3.859	3
3.86125	5
3.86675	5
3.86775	2
3.86875	6
3.8755	23
3.87575	1
3.8795	1
3.8815	24
3.885	1
3.88575	10
3.888	9
3.8925	5
3.894	18
3.89525	5
3.8975	3
3.90075	7
3.901	29
3.905	6
3.9065	3
3.90825	3
3.91225	8
3.91725	10
3.918	244
3.9225	2
3.92375	6
3.92425	19
3.9245	15
3.9255	29
3.927	3
3.92775	57
3.92801799550112	233
3.9285	5
3.929	3
3.93025	65
3.9305	35
3.932	10
3.9335	2
3.9345	24
3.935	55
3.937	11
3.9375	11
3.93875	13
3.94775	2
3.94875	3
3.94975	3
3.95175	10
3.95325	1
3.957	2
3.961	41
3.96175	68
3.96225	8
3.965	30
3.9655	1
3.96675	9
3.968	39
3.9685	13
3.96975	11
3.97086466165414	2
3.972	23
3.97375	1
3.974	67
3.976	9
3.9785	1
3.98075	1
3.98175	13
3.98225	3
3.9825	4
3.98275	20
3.98575	2
3.986	3
3.9935	8
3.99428244711264	28
3.99675	3
3.9975	27
3.998	7
4.00525	2
4.0055	17
4.00575	12
4.00624843789053	11
4.0075	11
4.00975	1
4.0105	10
4.01125	36
4.013	3
4.0135	1
4.01525	7
4.01825	2
4.022	13
4.02325	7
4.02375	58
4.02425	4
4.0265	2
4.029	21
4.02975	10
4.03075	12
4.0335	3
4.03375	2
4.035	8
4.03625	7
4.03825	6
4.04125	6
4.042	21
4.0435	3
4.045	4
4.047	3
4.05575	3
4.05625	12
4.0615	77
4.0625	2
4.06425	4
4.06875	9
4.07075	29
4.071	7
4.075	3
4.0795	29
4.083	9
4.084	90
4.085	2
4.087	5
4.08775	14
4.0885	14
4.08875	6
4.09	1
4.09125	30
4.092	9
4.094	16
4.0945	4
4.09725	30
4.0995	2
4.1035	25
4.11675	23
4.1175	3
4.11875	46
4.12075	10
4.12175	23
4.12525	7
4.12675	2
4.1275	17
4.12775	1
4.1325	1
4.13275	35
4.1335	1
4.13375	40
4.13575	6
4.138	5
4.13975	2
4.14175	19
4.14425	2
4.14546363409148	9
4.1485	2
4.15425	6
4.155	1
4.156	21
4.15825	4
4.1585	27
4.159	18
4.16075	2
4.16125	4
4.162	63
4.1635	22
4.165	25
4.16525	4
4.16875	8
4.171	12
4.1715	14
4.17175	5
4.172	2
4.174	1
4.1755	3
4.17575	3
4.177	5
4.1775	104
4.17925	5
4.18125	6
4.18225	3
4.18425	5
4.18725	6
4.188	6
4.189	7
4.18975	99
4.19025	3
4.19475	3
4.195	7
4.19625	5
4.19775	5
4.19825	7
4.2025	3
4.20275	50
4.2035	83
4.2075	3
4.209	1
4.21025	38
4.2105	1
4.212	11
4.2155	4
4.21575	2
4.21775	3
4.21825	4
4.2185	15
4.22025	88
4.221	22
4.224	1
4.227	3
4.2275	1
4.23025	6
4.2345	5
4.23525	4
4.2355	2
4.23825	7
4.24225	3
4.243	21
4.25025	2
4.25125	1
4.2545	4
4.25575	17
4.25675	3
4.257	31
4.25725	7
4.2575	12
4.259	3
4.25975	4
4.26175	12
4.2635	1
4.264	19
4.26575	15
4.26625	3
4.2685	4
4.2715	3
4.27525	5
4.27575	5
4.27775	8
4.2785	21
4.27875	42
4.27975	1
4.2805	29
4.28125	109
4.28175	23
4.28225	16
4.28525	3
4.28775	4
4.288	8
4.29325	2
4.29625	1
4.29725	4
4.30125	26
4.302	6
4.30325	4
4.3045	9
4.305	9
4.3095	12
4.311	7
4.314	15
4.3155	5
4.31775	6
4.31825	29
4.31875	29
4.31975	17
4.321	15
4.32125	8
4.32175	3
4.32575	1
4.326	16
4.3285	19
4.33175	12
4.3365	87
4.33725	16
4.33775	7
4.3415	36
4.3425	27
4.3445	11
4.34475	1
4.34575	2
4.348	5
4.35	4
4.35225	4
4.353	50
4.35325	5
4.35375	1
4.35475	5
4.35575	5
4.358	3
4.35925	11
4.3615	2
4.3645	29
4.3665	3
4.36675	15
4.37	45
4.372	1
4.37225	8
4.374	14
4.3745	12
4.3775	13
4.3785	2
4.38125	3
4.3815	4
4.38575	18
4.3875	8
4.39125	17
4.39325	155
4.3935	4
4.39875	31
4.401	4
4.40175	4
4.40425	2
4.40575	6
4.4085	11
4.4095	51
4.4125	30
4.4135	4
4.4205	1
4.42075	2
4.42525	27
4.42775	3
4.43	2
4.43025	5
4.4305	27
4.43175	9
4.43225	8
4.433	9
4.4345	19
4.43775	2
4.4405	26
4.44125	8
4.442	3
4.44225	55
4.44925	6
4.45925	17
4.46225	3
4.46325	17
4.46375	10
4.464	1
4.467	5
4.47	4
4.47075	3
4.47325	1
4.47425	17
4.477	4
4.478	5
4.47875	5
4.48	1
4.481	3
4.48375	5
4.48475	7
4.486	12
4.48825	17
4.4895	7
4.49225	13
4.4925	3
4.4955	3
4.49575	4
4.5	9
4.501	22
4.505	5
4.50775	3
4.51	2
4.5115	9
4.5125	14
4.5155	2
4.5165	9
4.52025	2
4.52225	9
4.52325	11
4.52425	17
4.52575	16
4.529	70
4.5335	44
4.5365	9
4.53675	9
4.53725	2
4.53775	9
4.54125	19
4.544	2
4.5445	2
4.54475	8
4.54625	64
4.55	2
4.55075	14
4.5515	11
4.55425	10
4.5555	7
4.56475	19
4.5655	12
4.5705	5
4.57275	60
4.5735	3
4.574	6
4.57425	19
4.57475	21
4.581	13
4.5815	4
4.58275	33
4.58601988550768	3
4.5895	14
4.59125	4
4.5915	19
4.592	7
4.59625	3
4.59675	11
4.599	3
4.5995	70
4.60025	6
4.60275	1
4.604	16
4.60475	3
4.60675	10
4.60725	3
4.60775	26
4.6085	5
4.6135	47
4.615	8
4.62175	1
4.62375	7
4.624	6
4.6275	3
4.62775	1
4.628	6
4.6285	3
4.62875	16
4.63	3
4.6325	4
4.6345	3
4.6375	17
4.63825	1
4.642	11
4.644	2
4.64475	3
4.6455	11
4.64775	5
4.648	7
4.65075	142
4.6545	5
4.65525	2
4.65725	6
4.658	19
4.65975	14
4.6605	2
4.66175	11
4.662	7
4.66725	4
4.66825	2
4.67125	12
4.6715	3
4.67175	3
4.674	1
4.67475	2
4.67825	21
4.6785	7
4.6795	5
4.681	2
4.68175	4
4.689	6
4.69125	125
4.6945	3
4.6955	2
4.6965	1
4.69825	2
4.6995	42
4.70075	7
4.7015	1
4.702	11
4.70275	9
4.7045	5
4.70525	3
4.706	4
4.7065	3
4.70675	17
4.71025	5
4.7105	3
4.713	11
4.71375	56
4.7145	8
4.724	1
4.72575	3
4.7265	3
4.727	5
4.72875	7
4.729	89
4.7315	4
4.73225	5
4.73325	14
4.73425	27
4.73575	6
4.7365	3
4.739	131
4.74	16
4.7425	5
4.743	8
4.74425	36
4.7475	7
4.74775	7
4.748	4
4.751	5
4.75175	12
4.7585	7
4.76	7
4.76225	2
4.763	10
4.76375	5
4.7645	1
4.76725	4
4.77025	1
4.77125	9
4.77175	24
4.78	5
4.78008059873345	3
4.78025	53
4.7835	5
4.78675	29
4.79025	33
4.7905	3
4.79275	21
4.79325	25
4.79575	1
4.79675	66
4.797	84
4.798	3
4.7985	5
4.80075	9
4.80375	37
4.8085	52
4.8095	21
4.8105	3
4.81325	97
4.8145	5
4.81725	2
4.81825	2
4.8205	3
4.82325	2
4.82375	3
4.827	1
4.82725	9
4.82775	5
4.831	4
4.83125	23
4.83375	1
4.835	142
4.83575	2
4.838	6
4.8425	14
4.846	5
4.8475	4
4.84875	8
4.85375	23
4.85525	16
4.85675	4
4.8595	3
4.85975	5
4.86025	1
4.86275	18
4.863	2
4.8635	4
4.866	21
4.8705	37
4.873	22
4.8745	3
4.87525	5
4.8815	5
4.88425	25
4.892	8
4.896	6
4.8975	4
4.89825	6
4.9035	3
4.9055	11
4.90675	31
4.9095	24
4.90975	4
4.91	3
4.91075	3
4.91125	15
4.91675	18
4.917	7
4.9175	1
4.91925	57
4.921	36
4.92625	3
4.92825	14
4.929	4
4.93025	10
4.93075	10
4.93125	110
4.9315	5
4.93325	7
4.93575	6
4.93725	1
4.9385	7
4.939	4
4.9405	5
4.94325	4
4.94525	23
4.946	4
4.94725	1
4.94875	11
4.9495	2
4.95275	52
4.956	9
4.95625	3
4.9565	9
4.95675	11
4.95725	3
4.9575	5
4.96075	4
4.9635	8
4.96475	13
4.96525	19
4.96625	1
4.9695	5
4.9735	1
4.9765	23
4.979	14
4.98225	10
4.98325	10
4.98375	10
4.98475	32
4.9865	19
4.991	7
4.9975	7
4.99775	16
4.99925	2
5.00075	2
5.002	9
5.00225	13
5.005	5
5.00525	13
5.006	15
5.00775	3
5.00975	1
5.01125	5
5.0145	3
5.01475	7
5.01525	5
5.01775	3
5.018	6
5.0185	3
5.019	3
5.02125	3
5.027	2
5.02825	2
5.02975	19
5.03	3
5.032	3
5.0335	7
5.03425	6
5.038	61
5.04025	7
5.043	20
5.04325	15
5.045	4
5.048	3
5.04875	9
5.04975	1
5.05175	62
5.05275	4
5.054	10
5.0545	15
5.06	2
5.0645	3
5.06575	23
5.07275	5
5.073	4
5.0775	14
5.0785	1
5.0805	7
5.08175	3
5.082	2
5.08325	8
5.0855	13
5.08575	7
5.08625	1
5.08775	3
5.0895	4
5.0915	2
5.0955	71
5.09675	15
5.097	2
5.0985	3
5.102	2
5.103	3
5.104	7
5.10525	6
5.10825	1
5.11025	36
5.111	1
5.1125	2
5.11475	15
5.11525	87
5.1155	78
5.118	3
5.11875	17
5.12075	2
5.1215	83
5.122	3
5.124	3
5.12425	4
5.12625	5
5.12775	1
5.13425	1
5.136	2
5.141	2
5.1445	4
5.15175	3
5.153	8
5.156	18
5.15775	1
5.1645	3
5.16525	82
5.1685	3
5.172	43
5.17425	1
5.1765	14
5.1775	5
5.1805	2
5.182	3
5.18325	7
5.1835	8
5.184	13
5.1845	6
5.18525	2
5.1895	7
5.19475	4
5.195	8
5.196	8
5.19625	2
5.1975	2
5.19825	62
5.20525	11
5.2105	114
5.214	67
5.21625	31
5.218	8
5.22025	3
5.2235	11
5.22425	15
5.228	12
5.229	33
5.22975	4
5.23125	1
5.2355	2
5.23875	8
5.23975	5
5.24225	20
5.24375	24
5.2465	4
5.2495	2
5.25075	3
5.252	2
5.25325	1
5.25975	5
5.26175	9
5.26225	6
5.26275	7
5.27	1
5.2715	16
5.27175	14
5.2735	39
5.2745	29
5.27475	4
5.275	21
5.27575	13
5.27775	55
5.2825	2
5.28275	2
5.283	3
5.28725	3
5.29075	1
5.2915	5
5.29575	15
5.296	6
5.29875	6
5.29975936748023	10
5.3015	1
5.30175	8
5.30725	7
5.30875	6
5.30975	2
5.31	8
5.311	2
5.31225	2
5.3135	1
5.3155	2
5.31875	7
5.32025	5
5.3255	12
5.32575	2
5.3265	42
5.33	5
5.33125	3
5.33175	3
5.3395	11
5.33975	21
5.342	2
5.34575	14
5.34925	4
5.35	1
5.3515	2
5.35175	18
5.354	26
5.358	2
5.3595	6
5.362	2
5.364	8
5.365	16
5.36875	2
5.369	3
5.37325	6
5.37425	3
5.38275	4
5.3835	11
5.3885	3
5.38925	3
5.39075	8
5.39225	36
5.3925	26
5.393	11
5.39325	16
5.39575	5
5.39725	29
5.3975	82
5.398	3
5.39825	5
5.4005	6
5.40125	1
5.40675	6
5.407	4
5.41375	11
5.416	13
5.4185	9
5.4205	4
5.42325	1
5.42475	54
5.426	8
5.4265	3
5.43025	4
5.43125	3
5.43175	5
5.433	4
5.43375	5
5.438	7
5.44	2
5.4465	68
5.452	5
5.45325	9
5.4575	26
5.4605	10
5.46275	10
5.46375	13
5.46825	40
5.46875	9
5.469	21
5.46975	4
5.471	59
5.47575	1
5.479	17
5.48125	4
5.4825	8
5.48525	4
5.4895	8
5.4915	1
5.49725	5
5.49825	4
5.4995	49
5.5015	14
5.50325	41
5.50375	6
5.50925	1
5.5095	1
5.50975	68
5.51025	5
5.51525	1
5.516	5
5.51775	7
5.519	27
5.52425	26
5.52675	73
5.52975	1
5.53125	40
5.537	1
5.53975	17
5.54125	18
5.54225	18
5.54975	1
5.551	3
5.555	25
5.5555	30
5.5585	20
5.56225	1
5.56575	8
5.5665	1
5.56825	4
5.576	2
5.577	2
5.58225	2
5.58275	5
5.5835	3
5.5845	14
5.58525	1
5.58875	2
5.5895	2
5.59125	1
5.597	3
5.59775	3
5.60125	3
5.60225	4
5.60575	3
5.6065	3
5.60825	1
5.611	18
5.615	1
5.619	7
5.61975	4
5.6205	3
5.62125	62
5.622	119
5.6225	18
5.63	1
5.6305	5
5.63325	5
5.6335	25
5.64	15
5.64275	5
5.643	8
5.64425	6
5.6455	10
5.64775	3
5.64825	1
5.66	3
5.6625	11
5.665	10
5.667	2
5.6685	8
5.66975	2
5.671	12
5.6715	2
5.674	2
5.676	3
5.6765	5
5.677	1
5.67875	41
5.6825	2
5.68375	17
5.6855	5
5.68875	5
5.69075	25
5.69375	15
5.69925	3
5.7	1
5.70725	3
5.72225	2
5.72325	5
5.7305	3
5.74975	10
5.75075	3
5.7595	15
5.76	1
5.76075	4
5.76375	75
5.76475	15
5.76505873531617	19
5.7655	20
5.76725	17
5.76925	53
5.77	5
5.77475	99
5.77875	4
5.77925	22
5.78025	3
5.78325	7
5.78425	5
5.791	7
5.7925	13
5.79425	2
5.79525	1
5.7985	17
5.805	2
5.80525	1
5.8085	6
5.8115	1
5.822	8
5.82375	1
5.82875	6
5.8295	2
5.83625	1
5.8365	160
5.8385	5
5.83925	44
5.8405	1
5.84425	9
5.847	1
5.85175	1
5.85625	2
5.85775	2
5.8595	7
5.862	7
5.86375	3
5.86475	5
5.87075	22
5.87125	2
5.87275	1
5.874	18
5.87525	42
5.87575	16
5.87725	3
5.87925	14
5.88125	3
5.887	5
5.8875	4
5.88875	4
5.89125	4
5.89275	8
5.89325	3
5.8955	5
5.896	1
5.89725	2
5.90475	2
5.90875	5
5.9095	6
5.912	2
5.9125	4
5.91425	6
5.917	19
5.91725	3
5.91825	5
5.92675	2
5.92725	3
5.93375	7
5.934	7
5.936	1
5.939	3
5.9405	23
5.9425	4
5.943	18
5.944	6
5.9445	28
5.945	6
5.9475	30
5.95275	21
5.953	88
5.955	5
5.956	3
5.9625	7
5.9645	3
5.96725	4
5.972	8
5.974	7
5.97575	5
5.978	5
5.9795	7
5.98175	5
5.98275	4
5.98575	12
5.989	7
5.9905	6
5.991	1
5.99325	4
6.0005	1
6.001	22
6.003	3
6.00375	5
6.00475	5
6.005	9
6.00925	2
6.01	7
6.01025	7
6.01225	4
6.018	1
6.01875	19
6.02025	34
6.02325	7
6.02425	22
6.03625	1
6.03675	5
6.04125	3
6.042	17
6.04225	14
6.0425	20
6.0455	6
6.049	1
6.05125	5
6.05225	14
6.05325	77
6.0585	12
6.061	4
6.06675	3
6.06725	5
6.0685	4
6.06975	1
6.0715	25
6.07325	1
6.078	19
6.07975	23
6.08025	1
6.08075	1
6.081	2
6.082	1
6.08325	21
6.08875	3
6.091	4
6.0975	28
6.0985	2
6.10125	11
6.10375	4
6.10475	7
6.106	6
6.11	4
6.1125	1
6.1145	3
6.118	4
6.1225	7
6.12525	3
6.12775	29
6.12875	9
6.12975	15
6.13075	2
6.13275	4
6.142	3
6.143	8
6.14475	7
6.145	3
6.15425	13
6.16075	3
6.1625	3
6.1675	3
6.172	3
6.177	5
6.18175	3
6.18225	14
6.1845	5
6.1885	3
6.1895	2
6.19525	14
6.19575	4
6.196	1
6.1975	4
6.20125	4
6.2015	11
6.2055	5
6.20725	4
6.2075	6
6.2095	6
6.21225	1
6.21275	4
6.21525	4
6.22075	3
6.2235	2
6.22375	24
6.22425	69
6.23575	2
6.23875	3
6.24125	1
6.24175	13
6.2425	7
6.243	5
6.2515	2
6.2645	12
6.26525	1
6.275	5
6.28025	6
6.28125	37
6.283	10
6.2885	44
6.2925	5
6.29275	7
6.29425	5
6.298	4
6.301	5
6.30175	5
6.3025	2
6.30425	1
6.30525	7
6.30925	2
6.31175	2
6.31275	8
6.31325	2
6.3135	5
6.315	2
6.3155	13
6.321	2
6.3235	2
6.33125	3
6.33325	3
6.341	1
6.344	5
6.3465	1
6.354	1
6.35775	2
6.35825	22
6.3625	1
6.365	9
6.36525	5
6.36775	2
6.3685	7
6.3705	8
6.3715	5
6.373	6
6.37375	48
6.37425	3
6.375	3
6.3755	17
6.37925	10
6.3825	2
6.383	28
6.3845	4
6.38725	3
6.392	3
6.397	2
6.39725	5
6.40125	50
6.4015	16
6.40225	5
6.4075	4
6.41425	1
6.41725	2
6.4175	2
6.41875	2
6.42375	2
6.42475	24
6.42725	5
6.4475	8
6.45	2
6.45275	5
6.4535	2
6.4675	7
6.47225	2
6.47275	4
6.47625	5
6.4915	11
6.4925	5
6.50525	10
6.5065	39
6.50675	31
6.50925	8
6.5145	15
6.516	5
6.51725	1
6.5195	10
6.521	5
6.5235	19
6.527	10
6.52875	17
6.529	2
6.5325	21
6.53575	9
6.5365	12
6.54075	5
6.54125	2
6.55275	1
6.55625	3
6.55875	3
6.5715	1
6.5775	2
6.58125	5
6.58275	1
6.58475	4
6.5855	3
6.59075	25
6.59175	1
6.592	3
6.5925	3
6.59575	1
6.6045	1
6.6055	7
6.6065	8
6.6085	2
6.61725	2
6.62225	3
6.63	5
6.63475	1
6.63925	3
6.64225	5
6.65175	3
6.653	29
6.656	2
6.65625	9
6.661	4
6.66175	16
6.66425	1
6.6655	4
6.673	2
6.67675	29
6.6895	42
6.69	2
6.6935	2
6.70125	9
6.7025	7
6.7045	3
6.70725	8
6.713	6
6.71325	33
6.7215	1
6.723	14
6.72575	6
6.726	11
6.72975	5
6.7315	5
6.7325	4
6.73575	1
6.74025	15
6.7405	1
6.74775	16
6.74875	7
6.7495	9
6.7515	3
6.755	3
6.75825	7
6.75975	80
6.763	3
6.76375	7
6.76625	5
6.7745	2
6.7755	13
6.7795	2
6.785	333
6.7865	11
6.789	69
6.7905	1
6.79225	9
6.79775	8
6.7995	4
6.8005	18
6.80375	17
6.80825	8
6.81625	15
6.8165	24
6.81675	3
6.81775	5
6.821	5
6.824	2
6.8265	3
6.82675	5
6.829	1
6.83075	1
6.83425	21
6.83925	7
6.84397163120567	2
6.852	3
6.8535	17
6.85425	4
6.8575	33
6.86025	4
6.863	1
6.86528367908023	11
6.86725	4
6.86775	7
6.87025	7
6.8705	1
6.87875	5
6.8825	3
6.88325	7
6.884	7
6.8875	11
6.88825	7
6.8895	4
6.90675	3
6.90775	1
6.91075	2
6.91275	1
6.91375	27
6.915	6
6.9155	9
6.916	3
6.9235	5
6.92725	4
6.9285	7
6.9305	2
6.93675	14
6.94	2
6.9415	10
6.948	3
6.95	2
6.951	3
6.95375	18
6.96425	10
6.9655	5
6.96775	2
6.97075	2
6.97775	1
6.978	5
6.98025	1
6.98425	3
6.9855	3
6.98875	47
6.992	18
6.99725	7
6.99775	2
6.99925	10
7.00425	4
7.01375	19
7.0165	9
7.026	53
7.027	3
7.0275	20
7.028	5
7.0305	1
7.03475	4
7.03875	7
7.03925	5
7.04	10
7.04075	3
7.04425	8
7.048	3
7.052	1
7.05425	14
7.05475	20
7.05675	4
7.058	18
7.06175	1
7.062	1
7.064	2
7.06625	4
7.06925	6
7.07825	2
7.087	2
7.09025	5
7.09525	7
7.103	9
7.11425	7
7.12625	2
7.13025	29
7.13325	4
7.13675	9
7.14225	13
7.16	6
7.165	5
7.168	5
7.1725	19
7.1735	3
7.17675	5
7.18525	4
7.18875	1
7.19125	20
7.1925	27
7.1975	5
7.205	3
7.20725	1
7.209	2
7.21325	9
7.215	16
7.22	20
7.22125	18
7.223	14
7.2235	2
7.2315	1
7.23177618069815	7
7.236	4
7.25275	1
7.25425	2
7.2575	53
7.26975	9
7.27025	12
7.271	1
7.275	11
7.278	23
7.2795	2
7.2815	3
7.284	7
7.2855	6
7.2865	5
7.288	7
7.29275	2
7.30275	6
7.3035	2
7.30775	6
7.31075	16
7.31225	7
7.31325	38
7.3135	1
7.31425	9
7.329	6
7.33075	4
7.331	1
7.3325	3
7.335	1
7.33675	7
7.33975	2
7.342	1
7.34375	2
7.3505	1
7.35675	9
7.357	5
7.35925	3
7.3675	3
7.36775	3
7.377	49
7.3775	21
7.384	9
7.387	1
7.38775	1
7.38825	2
7.3895	1
7.403	2
7.42075	7
7.4215	4
7.4295	7
7.4420098224405	6
7.444	2
7.44675	2
7.4515	6
7.45525	2
7.4585	1
7.47325	5
7.47375	2
7.47625	1
7.479	4
7.482	24
7.48775	1
7.49675	12
7.498	1
7.50225	3
7.5075	4
7.5095	23
7.5215	2
7.52575	1
7.5285	3
7.53225	1
7.5365	14
7.5375	8
7.538	2
7.545	14
7.5455	3
7.54675	3
7.54975	4
7.553	2
7.55725	3
7.5645	5
7.57725	7
7.5825	2
7.585	12
7.58575	4
7.58625	5
7.59175	12
7.59375	3
7.595	3
7.597	2
7.60525	7
7.60975	92
7.61125	5
7.6175	21
7.6185	4
7.62275	2
7.627	1
7.62775	2
7.64	18
7.6495	3
7.64975	4
7.6555	1
7.65683579105224	6
7.6585	32
7.67175	17
7.681	6
7.68175	6
7.683	13
7.68325	3
7.68475	2
7.6895	12
7.69	3
7.69025	7
7.694	1
7.69775	4
7.6985	35
7.71275	3
7.71975	1
7.7215	11
7.72625	11
7.728	13
7.73125	17
7.733	11
7.7345	17
7.737	23
7.74125	4
7.752	3
7.75225	6
7.7565	1
7.75675	8
7.7615	2
7.7715	19
7.773	5
7.7755	34
7.78	8
7.785	12
7.789	3
7.7905	1
7.79275	14
7.7945	26
7.79625	1
7.80175	2
7.80525	1
7.8055	9
7.82725	3
7.83225	51
7.8325	3
7.8335	27
7.83375	3
7.83875	2
7.839	8
7.8395	16
7.84075	5
7.8435	6
7.8455	5
7.859	12
7.85925	5
7.8725	7
7.87425	108
7.87525	6
7.8765	4
7.9045	7
7.9115	3
7.91425	9
7.9275	26
7.931	1
7.9325	1
7.9385	1
7.95975	16
7.96075	2
7.961	1
7.9635	2
7.965	2
7.9705	7
7.9775	2
7.9845	8
7.985	4
7.9855	1
7.9865	11
7.989	30
7.9935	7
8.00425	7
8.00575	11
8.00675	28
8.01275	11
8.01675	3
8.0205	6
8.0245	3
8.0275	3
8.033	4
8.03975	3
8.04773806548363	10
8.049	7
8.0495	2
8.052	2
8.0545	9
8.05575	2
8.05625	2
8.05675	3
8.06	4
8.0615	11
8.0625	2
8.064	1
8.07125	1
8.07325	12
8.07875	4
8.08425	1
8.086	3
8.09275	2
8.0975	7
8.0995	29
8.10325	7
8.1085	3
8.10875	5
8.109	1
8.1095	2
8.1125	1
8.11475	11
8.1165	47
8.122	6
8.1415	7
8.1475	2
8.1485	2
8.162	3
8.16675	3
8.17675	2
8.1775	4
8.1785	1
8.181	2
8.18625	1
8.19025	2
8.1925	1
8.1985	20
8.20825	8
8.209	4
8.22775	1
8.233	1
8.23425	3
8.239	5
8.24725	91
8.2545	3
8.265	3
8.27125	81
8.27475	7
8.27525	3
8.2865	3
8.289	19
8.2955	1
8.298	9
8.306	1
8.30925	20
8.312	5
8.31375	8
8.31775	2
8.32025	30
8.32725	5
8.328	8
8.33425	3
8.34625	2
8.353	1
8.3535	66
8.356	10
8.37225	6
8.3815	6
8.3825	3
8.39625	1
8.39775	3
8.40225	30
8.4025	18
8.40675	8
8.40825	9
8.4125	5
8.42525	5
8.42825	1
8.43275	6
8.443	51
8.44925	33
8.45125	3
8.45775	12
8.4665	4
8.4695	3
8.47	3
8.472	2
8.48	1
8.482	2
8.484	5
8.486	1
8.49575	11
8.50075	2
8.51175	15
8.513	1
8.5155	5
8.522	5
8.525	2
8.528	13
8.5315	16
8.5425	5
8.5465	5
8.5575	10
8.56875	2
8.569	3
8.5865	9
8.587	7
8.588	32
8.59125	1
8.593	5
8.599	79
8.6015	3
8.602	2
8.60425	14
8.61125	1
8.61525	19
8.61575	2
8.61775	1
8.621	5
8.62375	3
8.6335	5
8.6355	3
8.65275	12
8.65475	13
8.65575	9
8.66975	4
8.67325	3
8.67375	8
8.67825	4
8.6805	4
8.70625	1
8.7065	3
8.7105	4
8.71225	19
8.718	3
8.722	2
8.7245	84
8.73125	3
8.7315	50
8.73425	3
8.735	3
8.73625	2
8.7375	1
8.7425	44
8.7465	3
8.74875	5
8.7505	4
8.7555	3
8.759	2
8.76425	1
8.77325	5
8.77375	3
8.78625	1
8.78775	2
8.79625	3
8.80025	3
8.80125	11
8.80375	2
8.80775	5
8.81075	13
8.81175	2
8.82675	3
8.82725	19
8.83625	5
8.83825	2
8.848	5
8.85525	15
8.857	2
8.86425	8
8.868	3
8.8695	1
8.87025	6
8.87275	5
8.883	2
8.8875	7
8.89075	3
8.8965	19
8.898	8
8.906	10
8.91775	195
8.9215	5
8.92225	6
8.9335	3
8.943	16
8.94675	66
8.9535	3
8.959	4
8.97275	5
8.975	4
8.9865	3
8.991	6
8.99175	48
8.99475	8
8.99825	1
8.99875	2
8.99925	16
9.0015	2
9.00175	3
9.003	17
9.009	3
9.01	1
9.01125	83
9.02125	15
9.025	3
9.03125	9
9.03525	2
9.04625	11
9.047	4
9.0495	1
9.051	1
9.07475	5
9.08675	16
9.08975	1
9.09275	8
9.0965	5
9.09775	1
9.10725	15
9.12	4
9.13025	5
9.134	5
9.13625	6
9.13725	4
9.13875	8
9.1395	1
9.145	23
9.1465	4
9.1575	3
9.15775	3
9.186	2
9.19375	5
9.1955	1
9.21925	13
9.24	6
9.24375	9
9.24725	3
9.257	7
9.26225	2
9.2675	13
9.2705	5
9.27675	9
9.27925	33
9.2825	1
9.284	2
9.28625	11
9.291	22
9.2955	3
9.3195	10
9.32825	3
9.3295	2
9.3566608347913	257
9.362	6
9.3725	9
9.373	6
9.37875	5
9.38225	6
9.3905	7
9.39225	5
9.39375	7
9.39825	28
9.40325	9
9.4225	3
9.431	11
9.43775	3
9.447	4
9.45925	6
9.4595	1
9.46175	1
9.46525	3
9.46725	1
9.47125	3
9.4735	19
9.47675	5
9.48175	1
9.48475	2
9.48675	1
9.48775	5
9.488	7
9.4895	9
9.4975	3
9.5035	5
9.541	1
9.57175	2
9.572	17
9.57775	2
9.57825	2
9.57975	7
9.5825	7
9.58775	2
9.612	11
9.616	57
9.621	1
9.63825	2
9.6425	21
9.6495	11
9.6565	1
9.666	5
9.68225	5
9.6825	70
9.68625	3
9.687	5
9.69825	41
9.70425	29
9.7105	9
9.71175	13
9.719	2
9.7195	3
9.7225	9
9.7255	1
9.72675	3
9.73575	2
9.73675	1
9.74225	2
9.74725	36
9.748	2
9.74875	9
9.75325	3
9.7745	2
9.782	1
9.78675	5
9.79625	15
9.80525	17
9.807	59
9.81225	4
9.82025	131
9.8255	2
9.8265	5
9.83225	10
9.83625	1
9.83825	2
9.841	5
9.85125	3
9.85575	3
9.86375	3
9.86625	5
9.8755	5
9.88925	5
9.89175	1
9.90025	5
9.916	14
9.92275	29
9.92976755811047	8
9.9365	1
9.9395	9
9.94375	2
9.948	3
9.9495	30
9.9535	1
9.9555	46
9.95975	2
9.961	2
9.97125	91
10.00075	1
10.015	10
10.01675	16
10.0265	3
10.0345	5
10.039	5
10.03925	9
10.04275	1
10.047	3
10.04775	4
10.061	8
10.0675	1
10.06975	3
10.0775	4
10.09675	6
10.107	5
10.1095	34
10.112	2
10.116	3
10.1285	4
10.129	2
10.13275	5
10.13625	3
10.1595	4
10.16675	6
10.17275	5
10.1745	12
10.17475	3
10.17575	1
10.178	5
10.18	11
10.181	2
10.186	4
10.1875	2
10.189	1
10.1915	4
10.19525	3
10.20075	35
10.204	1
10.206	14
10.21025	2
10.22925	4
10.2295	1
10.25775	1
10.26175	19
10.269	7
10.27875	1
10.30275	11
10.30525	18
10.31625	1
10.3215	23
10.3235	1
10.324	1
10.37125	1
10.37325	12
10.374	27
10.37725	4
10.3775	9
10.3845	2
10.3925	5
10.401	2
10.413	5
10.4155	3
10.41725	1
10.41775	3
10.4325	1
10.43525	109
10.441	2
10.4455	1
10.448	9
10.45	2
10.455	1
10.46575	4
10.466	8
10.47925	5
10.48475	3
10.4895	19
10.50625	1
10.50725	76
10.5275	3
10.52775	5
10.55575	1
10.56575	4
10.56625	4
10.5665	12
10.5765	14
10.582	39
10.58375	77
10.589	3
10.5935	5
10.599	5
10.601	1
10.63275	7
10.6385	4
10.639	3
10.65525	7
10.6995	2
10.71825	7
10.72	6
10.73025	2
10.747	2
10.7490627343164	7
10.75025	6
10.75475	22
10.75575	4
10.764	2
10.78875	5
10.79475	8
10.79825	6
10.8035	10
10.8335	1
10.84175	4
10.8655	1
10.86775	3
10.88375	2
10.884	6
10.89075	2
10.895	4
10.9065	9
10.918	13
10.91825	2
10.92625	2
10.9455	2
10.96025	7
10.9725	7
10.98775	6
10.99	4
10.9955	1
10.9975	47
11.00475	2
11.02075	10
11.04975	2
11.061	3
11.07725	8
11.082	1
11.0875	13
11.1015	4
11.10825	4
11.12275	4
11.12825	2
11.13475	2
11.13525	3
11.1655	5
11.171	12
11.173	13
11.19175	1
11.195	9
11.22325	3
11.237	4
11.2515	2
11.25175	2
11.2545	1
11.26525	29
11.26825	1
11.27875	3
11.281	5
11.28475	1
11.29675	4
11.3045	1
11.3125	1
11.3175	2
11.31875	2
11.32775	4
11.32825	2
11.339	3
11.344	7
11.34675	4
11.367	5
11.37275	2
11.374	7
11.386	3
11.40425	11
11.412	3
11.4235	1
11.43575	1
11.43675	8
11.44475	4
11.4525	18
11.45375	7
11.46925	2
11.481	1
11.48675	2
11.50575	3
11.5065	3
11.508	21
11.52575	4
11.532	5
11.536	3
11.53625	3
11.60575	4
11.61025	3
11.62025	5
11.62275	3
11.6495	2
11.65	4
11.6595	3
11.6625	2
11.6655	2
11.66925	5
11.68275	1
11.686	5
11.68975	1
11.69375	4
11.69475	2
11.70525	18
11.71425	5
11.7315	1
11.7335	3
11.74775	4
11.76575	2
11.77875	12
11.78725	4
11.80575	9
11.807	17
11.80825	5
11.813	5
11.81825	3
11.8455	23
11.85475	21
11.86475	3
11.88	2
11.89775	5
11.90875	5
11.9105	33
11.9405	2
11.9415	1
11.94175	40
11.947	9
11.956	1
11.95925	13
11.97575	4
11.98225	2
11.992	1
12.003	2
12.011	4
12.0135	5
12.0235	41
12.04575	1
12.0515	5
12.054	2
12.07575	5
12.082	2
12.085	2
12.089	2
12.0955	1
12.12925	6
12.13175	4
12.13375	1
12.1445	6
12.16125	3
12.162	3
12.1655	3
12.166	13
12.18125	3
12.18225	21
12.18475	4
12.1905	3
12.2035	1
12.2205	41
12.246	3
12.24625	1
12.252	2
12.295	6
12.3085	77
12.31325	2
12.3135	2
12.32725	13
12.35275	14
12.372	2
12.3785	5
12.37975	1
12.39975	3
12.43025	5
12.436	4
12.4375	7
12.463	5
12.47975	3
12.52525	2
12.5415	3
12.546	6
12.54975	1
12.56225	1
12.57375	2
12.57475	34
12.587	15
12.6065	117
12.61775	5
12.62575	4
12.627	8
12.62925	13
12.64375	6
12.64425	2
12.66375	12
12.686	2
12.6875	72
12.704	6
12.75475	2
12.75625	16
12.7655	5
12.78125	2
12.78175	9
12.80325	8
12.805	7
12.80825	15
12.815	2
12.8215	6
12.82625	42
12.8305	4
12.847	13
12.8575	2
12.8695	28
12.90125	15
12.9015	3
12.9215	2
12.924	2
12.95625	1
12.96975	3
12.97225	9
12.9825	4
13.01825	7
13.026	3
13.03725	1
13.0425	2
13.059	1
13.06	4
13.06225	1
13.08875	1
13.09775	5
13.098	5
13.106	3
13.107	7
13.10875	1
13.11375	2
13.14025	2
13.16475	1
13.238	2
13.24075	8
13.248	1
13.255	2
13.3015	13
13.30875	5
13.3315	1
13.35325	2
13.368	11
13.3695	1
13.37825	3
13.38925	3
13.40525	4
13.44875	11
13.45225	6
13.453	1
13.45375	18
13.47225	2
13.4885	3
13.51175	1
13.5155	3
13.5205	2
13.52425	5
13.52825	4
13.529	5
13.546	1
13.5785	6
13.5985	1
13.63275	2
13.64225	36
13.662	22
13.664	2
13.6755	4
13.68975	121
13.74625	8
13.7675	3
13.779	3
13.7995	1
13.814	2
13.83	1
13.8405	30
13.84475	1
13.85325	2
13.86	7
13.877	18
13.883	3
13.896	1
13.927	1
13.928	18
13.93	21
13.981	11
14.001	108
14.01225	35
14.04825	4
14.0485	2
14.0515	5
14.056	4
14.108	9
14.11275	5
14.12475	3
14.12775	6
14.13775	2
14.143	3
14.1605	46
14.1825	7
14.18725	1
14.26175	78
14.26475	1
14.26825	4
14.282	13
14.28625	3
14.2865	3
14.28875	4
14.3335	3
14.33925	1
14.34475	9
14.3775	22
14.429	80
14.4585	15
14.48275	10
14.48475	1
14.48625	1
14.48725	9
14.49225	1
14.51125	5
14.52275	16
14.5335	1
14.55425	1
14.5615	3
14.61225	42
14.61725	2
14.6265	6
14.65425	4
14.666	2
14.66625	3
14.66825	1
14.716	3
14.732	9
14.7445	3
14.75075	10
14.76525	2
14.798	1
14.8185	2
14.8655	1
14.92325	3
14.94375	5
14.96275	14
14.964	1
14.9705	1
14.9735	13
15.016	5
15.034	5
15.0435	2
15.05975	7
15.07725	3
15.08225	11
15.08325	5
15.098	16
15.218	2
15.22	2
15.249	3
15.254	9
15.29325	8
15.303	3
15.31425	3
15.33675	2
15.36225	2
15.37875	1
15.38975	2
15.4055	44
15.44425	23
15.46275	11
15.52175	1
15.524	2
15.557	2
15.55925	1
15.575	3
15.60075	2
15.6105	2
15.61625	4
15.624	3
15.66175	2
15.68225	10
15.6955	1
15.70425	6
15.7140714821295	6
15.75475	1
15.76475	6
15.78375	2
15.87925	3
15.8875	44
15.896	5
15.92975	7
15.9465	17
15.96275	2
15.96475	5
15.994	5
15.9945	10
16.02725	9
16.039	1
16.0425	1
16.046	29
16.1605	3
16.26275	1
16.3945	5
16.46	2
16.46275	14
16.474	2
16.4985	14
16.50325	2
16.51175	8
16.5285	4
16.571	2
16.60125	25
16.60775	5
16.6255	3
16.691	4
16.7075	5
16.735	1
16.74025	3
16.7465	3
16.766	20
16.8365	5
16.84175	10
16.846	3
16.87725	1
16.9075	2
16.93125	10
16.933	1
17.02575	1
17.11475	3
17.14225	23
17.17125	5
17.18925	5
17.2305	5
17.242	2
17.33825	1
17.38825	13
17.4145	1
17.4355	4
17.45025	9
17.46325	2
17.51825	23
17.54375	5
17.55275	5
17.597	6
17.602	3
17.609	4
17.61075	1
17.63875	11
17.72175	1
17.73725	4
17.8165	9
17.82275	1
17.848	1
17.85675	1
17.86475	6
17.8695	4
17.876	6
17.8815	2
17.89975	1
17.927	6
17.97925	8
17.984	2
18.00625	3
18.03	4
18.0555	5
18.08825	3
18.11	1
18.12	4
18.227	3
18.32475	7
18.3305	6
18.339	9
18.3425	3
18.344	1
18.387	5
18.3905	11
18.402	1
18.4345	4
18.495	3
18.51425	9
18.53625	5
18.57975	3
18.599	18
18.6655	5
18.6875	39
18.701	3
18.7805	11
18.7885	22
18.79225	3
18.831	8
18.83875	1
18.894	7
18.97125	7
19.03675	15
19.04275	1
19.08025	4
19.08875	4
19.12125	3
19.1215	3
19.147	1
19.16125	6
19.17475	4
19.18125	3
19.20325	29
19.21625	1
19.22825	8
19.29925	4
19.333	8
19.38775	1
19.44	5
19.46275	2
19.483	6
19.5765	34
19.5905	4
19.6005	5
19.605	1
19.6175	2
19.67875	17
19.7535	1
19.776	4
19.80025	2
19.8165	3
19.96725	3
20.02475	1
20.0365	2
20.04725	3
20.2205	8
20.33425	1
20.36625	2
20.42575	6
20.4405	5
20.44125	1
20.47775	2
20.49275	2
20.5145	2
20.555	4
20.8455	4
20.869	2
20.88125	4
20.956	3
21.02175	1
21.148	2
21.18325	6
21.2105	3
21.26175	1
21.273	6
21.345	5
21.48525	4
21.5595	9
21.58175	5
21.61	1
21.64475	68
21.71025	5
21.77725	6
21.82975	2
21.8735	7
21.93875	2
21.9805	67
22.02175	5
22.035	4
22.0685	4
22.08475	2
22.095	2
22.12825	4
22.138	8
22.172	1
22.26725	19
22.31675	1
22.33075	1
22.397	11
22.505	3
22.50775	2
22.83225	3
22.8575	21
22.975	1
23.07675	52
23.08425	2
23.1015	4
23.1075	2
23.15275	5
23.15325	5
23.19625	21
23.22625	32
23.23875	9
23.3525	1
23.35775	5
23.41	4
23.421	7
23.56275	1
23.56375	1
23.5875	2
23.6755	2
23.71975	22
23.722	4
23.7425	6
23.88225	9
23.962	2
23.96625	2
24.0045	2
24.05375	5
24.11025	8
24.1535	1
24.4055	19
24.43725	8
24.63175	10
24.73325	4
24.735	3
24.81675	15
24.863	25
24.9735	1
25.09375	3
25.2295	23
25.28925	1
25.5145	1
25.64975	3
25.6625	37
25.725	2
25.7565	3
25.98125	1
26.018	1
26.164	1
26.1725	5
26.28525	4
26.29175	1
26.30025	1
26.416	13
26.42875	2
26.83925	1
26.96225	11
27.138	7
27.19475	3
27.59975	5
27.6065	14
27.62	3
27.815	2
27.8185	1
27.83	8
27.847	5
27.87575	24
28.03675	1
28.188	3
28.2785	5
28.33975	1
28.34575	14
28.5585	2
28.58425	15
28.71825	1
28.7395	5
28.77475	3
28.77875	1
28.82775	2
28.9	8
29.14325	2
29.2415	5
29.5735	29
29.69275	16
29.75675	102
29.8665	11
29.98375	13
30.0010045203415	9
30.86775	9
31.28225	4
31.3065	5
31.48	7
31.79	1
31.9865	5
32.00275	7
32.0645	1
32.15525	1
32.1625	5
32.26925	89
32.431	2
32.601	1
32.89725	14
32.96725	2
33.013	11
33.24375	5
33.49275	2
33.6155	1
33.621	7
33.795	2
33.915	5
34.20475	2
34.2805	1
34.58925	1
36.382	2
36.45175	1
36.461	1
36.46275	12
36.97375	1
37.11525	2
37.25375	15
37.50525	1
37.53175	1
37.55875	3
37.6245	1
37.69175	10
37.90125	9
38.15525	4
38.563	3
38.941	2
39.1725	5
39.322	2
39.6685	1
39.878	3
40.07275	1
40.104	6
40.64525	1
41.167	4
41.4225	7
41.55	9
41.877	1
41.92725	4
42.05125	1
42.648	2
43.8375	7
44.86325	3
44.96125	1
45.05425	2
45.08375	1
45.16175	1
45.29775	3
45.688	1
45.81375	5
46.91075	6
46.94675	3
49.518	3
50.1665	4
51.2935	8
51.463	3
51.7405	34
52.2535	3
52.64725	3
53.034	3
53.38425	5
53.6495	3
53.656	2
53.77175	2
54.53125	1
54.65475	99
55.30475	5
55.60175	3
56.0695	7
59.02775	6
60.03725	3
60.1445	2
60.14775	13
60.9995	1
62.0945	3
63.01625	2
63.18425	2
63.9425	7
64.2165	3
65.6965	3
66.5745	1
67.659	10
67.8445	179
68.74125	7
70.325	24
71.27	21
71.72125	34
72.04675	7
72.66825	4
73.7375	2
77.465	4
77.651	13
78.21625	55
79.057	3
80.49175	2
82.3865	1
86.675	1
88.278	5
91.654	1
94.0485	8
100.41625	5
101.3835	4
103.63025	1
106.335	1
111.871	1
114.1565	8
123.1495	3
142.2465	5
150.1985	1
154.5955	5
162.115	7
213.673	8
225.1045	4
274.76125	4
341.2565	5
397.28925	9
