52	1
58	1
75	1
81	1
84	2
91	2
93	1
97	1
102	1
103	1
111	1
123	2
132	4
135	2
138	1
140	1
144	2
147	1
151	1
153	6
155	1
156	2
162	1
163	1
165	1
168	2
171	2
172	1
174	3
177	1
183	3
185	1
186	4
187	2
189	4
191	1
192	4
195	2
198	4
201	3
204	5
207	5
210	4
212	1
213	4
215	1
216	11
217	1
218	1
219	4
220	1
221	1
222	4
223	1
224	1
225	6
226	1
227	1
228	7
231	6
234	4
235	2
237	9
238	1
240	5
243	8
244	1
246	5
249	5
251	1
252	3
253	2
255	1
258	2
260	1
261	3
262	1
263	1
264	10
265	1
266	1
267	14
268	1
269	1
270	10
271	1
272	3
273	4
274	1
275	1
276	8
279	8
281	2
282	10
284	1
285	11
287	1
288	5
291	14
292	1
293	2
294	12
296	3
297	9
298	2
300	8
303	10
305	2
306	8
308	1
309	26
310	2
311	1
312	7
313	3
315	9
316	1
317	2
318	8
319	1
320	1
321	8
322	2
323	1
324	10
326	2
327	6
328	3
329	1
330	9
331	1
332	1
333	11
335	2
336	11
337	1
338	2
339	10
342	11
344	3
345	12
346	3
347	2
348	17
350	1
351	12
352	1
353	1
354	11
355	3
357	7
358	1
359	1
360	5
361	1
362	1
363	6
364	1
365	1
366	6
367	2
369	12
370	2
371	3
372	9
373	2
374	2
375	13
376	4
377	1
378	24
380	3
381	11
382	2
383	1
384	15
385	1
386	2
387	15
388	1
390	16
392	1
393	10
394	2
395	1
396	16
397	2
398	1
399	9
400	2
401	2
402	15
403	6
404	2
405	8
406	1
408	24
409	4
410	1
411	11
412	1
413	3
414	13
415	4
416	4
417	7
418	1
419	3
420	11
421	1
423	9
424	3
426	19
427	3
428	3
429	3
430	4
432	12
433	5
434	1
435	14
436	4
437	1
438	15
440	1
441	22
442	2
443	2
444	8
445	5
446	2
447	8
448	1
450	11
452	2
453	14
454	4
455	1
456	15
457	3
459	16
460	2
461	1
462	16
463	2
464	1
465	9
466	1
467	3
468	10
469	1
470	1
471	3
472	4
474	11
475	1
476	4
477	18
478	3
479	1
480	17
481	1
482	4
483	12
484	5
485	1
486	13
488	2
489	13
490	2
491	3
492	19
493	3
495	17
496	4
497	1
498	12
499	4
500	3
501	18
502	3
503	3
504	7
505	1
506	5
507	15
508	2
509	1
510	9
511	2
512	4
513	8
514	3
515	2
516	15
517	3
518	1
519	9
520	2
521	3
522	11
523	3
524	3
525	12
526	2
527	3
528	18
529	2
530	2
531	10
532	2
533	4
534	12
535	1
536	1
537	11
538	4
539	3
540	14
542	4
543	10
544	3
545	3
546	11
547	2
548	2
549	19
550	4
551	2
552	26
553	4
554	5
555	11
557	2
558	13
559	3
560	4
561	17
562	2
563	4
564	11
565	2
566	3
567	20
568	7
569	1
570	9
571	2
572	3
573	15
574	1
575	2
576	14
577	3
578	1
579	11
580	7
581	5
582	18
583	6
584	2
585	13
586	3
587	9
588	15
589	1
590	5
591	14
592	5
593	3
594	11
595	4
596	1
597	21
598	4
599	2
600	23
601	4
602	4
603	19
604	2
605	1
606	15
607	6
608	3
609	9
610	4
611	6
612	11
613	2
614	1
615	14
616	3
617	3
618	11
619	1
620	3
621	13
622	1
623	2
624	11
625	4
626	7
627	15
628	3
629	2
630	13
632	2
633	19
634	3
635	5
636	12
637	2
638	2
639	22
641	9
642	19
643	2
644	1
645	20
646	5
647	1
648	18
649	6
650	3
651	18
652	2
653	2
654	10
655	3
656	4
657	18
658	2
659	3
660	16
661	1
662	1
663	14
664	7
665	2
666	19
667	4
668	3
669	20
670	2
671	1
672	27
673	5
674	3
675	24
676	4
677	2
678	12
679	3
680	4
681	17
682	4
683	7
684	15
685	2
686	1
687	18
688	2
689	1
690	13
691	3
692	1
693	5
694	2
695	2
696	15
697	1
698	6
699	15
700	4
701	2
702	12
703	6
704	3
705	10
706	5
707	3
708	20
709	5
710	3
711	15
712	5
713	5
714	18
715	7
716	2
717	12
718	2
719	1
720	15
721	1
722	3
723	22
724	3
725	6
726	16
727	5
728	1
729	16
730	3
731	3
732	21
733	4
734	7
735	18
736	2
737	2
738	15
739	5
740	2
741	15
742	2
743	2
744	17
745	3
746	10
747	11
748	4
749	2
750	15
752	1
753	26
754	3
755	2
756	8
757	5
758	2
759	19
760	3
761	3
762	19
763	4
764	5
765	21
766	3
767	1
768	7
769	7
770	2
771	15
772	1
773	6
774	15
775	3
776	5
777	19
778	7
779	2
780	19
781	5
782	3
783	23
784	2
785	7
786	12
787	8
788	4
789	15
790	3
791	4
792	16
793	2
794	3
795	14
796	1
797	2
798	16
799	2
800	2
801	14
802	4
803	6
804	17
805	1
806	3
807	13
808	3
809	3
810	17
811	3
812	1
813	13
814	1
815	3
816	17
817	3
818	2
819	21
820	3
821	3
822	14
823	6
824	2
825	19
826	4
827	2
828	12
829	2
830	4
831	14
832	3
833	4
834	15
835	2
836	6
837	10
838	9
839	3
840	13
841	6
842	1
843	14
844	1
845	3
846	17
847	4
848	3
849	10
850	6
851	6
852	8
853	4
854	5
855	12
856	3
857	3
858	9
859	2
860	2
861	16
862	4
863	4
864	13
865	6
866	3
867	10
868	4
869	5
870	15
871	3
872	3
873	15
874	2
875	3
876	19
877	7
878	5
879	13
880	2
881	3
882	15
883	4
884	4
885	15
886	5
887	4
888	19
889	4
890	7
891	17
892	5
893	5
894	12
895	3
896	1
897	20
898	8
899	5
900	19
901	1
902	5
903	15
904	4
905	3
906	9
907	5
908	5
909	14
910	5
911	1
912	20
913	2
914	3
915	30
916	6
917	2
918	11
919	1
920	4
921	31
922	3
923	3
924	22
925	4
926	9
927	44
928	3
929	8
930	33
931	6
932	5
933	38
934	1
935	5
936	65
937	4
938	4
939	39
940	6
942	51
943	4
944	1
945	30
946	1
947	2
948	22
949	5
950	2
951	35
952	3
953	4
954	31
955	2
956	4
957	27
958	6
959	3
960	22
961	11
962	2
963	30
964	7
965	3
966	19
967	2
968	2
969	21
970	3
971	2
972	21
973	4
974	7
975	33
976	2
977	5
978	20
979	5
980	7
981	17
982	4
983	2
984	15
985	6
986	3
987	25
988	8
989	1
990	30
991	5
992	3
993	20
994	2
995	5
996	22
997	2
998	3
999	19
1000	5
1001	9
1002	17
1003	5
1004	3
1005	21
1006	5
1007	8
1008	22
1009	1
1010	5
1011	27
1012	5
1013	5
1014	14
1015	1
1016	9
1017	17
1018	5
1019	2
1020	24
1021	5
1022	3
1023	24
1024	7
1025	2
1026	16
1027	3
1028	7
1029	24
1030	8
1031	6
1032	10
1033	5
1034	3
1035	18
1036	4
1037	3
1038	25
1039	7
1040	6
1041	18
1042	5
1043	3
1044	23
1045	4
1046	3
1047	21
1048	7
1049	3
1050	29
1051	5
1052	3
1053	20
1054	5
1055	2
1056	16
1057	5
1058	5
1059	19
1060	2
1061	8
1062	26
1063	6
1064	5
1065	20
1066	9
1067	2
1068	18
1069	5
1070	5
1071	15
1072	1
1073	4
1074	17
1075	4
1076	4
1077	21
1078	5
1079	3
1080	24
1081	4
1082	5
1083	23
1084	3
1085	5
1086	20
1087	3
1088	7
1089	8
1090	2
1091	5
1092	25
1093	2
1094	3
1095	19
1096	5
1097	3
1098	16
1099	6
1100	2
1101	20
1103	5
1104	14
1105	3
1106	6
1107	13
1108	4
1109	6
1110	23
1111	1
1112	6
1113	20
1114	3
1115	3
1116	18
1117	2
1118	3
1119	22
1120	2
1121	3
1122	18
1123	5
1124	4
1125	19
1126	11
1127	4
1128	30
1129	5
1130	2
1131	21
1132	3
1133	8
1134	16
1135	1
1136	1
1137	12
1138	8
1139	2
1140	12
1141	2
1142	3
1143	23
1144	1
1145	3
1146	20
1147	7
1148	6
1149	5
1150	4
1151	4
1152	22
1153	5
1154	2
1155	15
1156	4
1157	4
1158	12
1159	8
1160	5
1161	19
1162	3
1163	3
1164	15
1165	7
1166	6
1167	10
1168	2
1169	6
1170	18
1171	3
1172	5
1173	16
1174	1
1175	6
1176	9
1177	7
1178	1
1179	9
1180	3
1181	2
1182	14
1183	3
1184	5
1185	14
1186	7
1187	4
1188	20
1189	4
1190	3
1191	10
1192	7
1193	5
1194	16
1195	4
1196	3
1197	17
1198	5
1199	1
1200	21
1201	2
1202	9
1203	12
1204	6
1205	3
1206	23
1207	4
1208	4
1209	15
1210	2
1211	3
1212	12
1213	5
1214	5
1215	7
1216	4
1217	5
1218	15
1219	3
1221	19
1222	8
1223	2
1224	15
1225	2
1226	4
1227	11
1229	4
1230	17
1231	6
1232	1
1233	17
1234	7
1235	4
1236	15
1237	6
1238	3
1239	14
1240	4
1241	6
1242	12
1243	5
1244	1
1245	13
1246	4
1247	8
1248	18
1249	5
1250	6
1251	20
1252	3
1253	3
1254	16
1255	6
1256	2
1257	23
1258	6
1259	5
1260	17
1261	3
1262	2
1263	18
1264	5
1265	5
1266	16
1267	2
1268	3
1269	13
1270	1
1271	2
1272	24
1273	4
1274	5
1275	18
1276	3
1277	9
1278	16
1279	5
1280	3
1281	10
1282	2
1283	3
1284	13
1285	8
1286	5
1287	12
1288	5
1289	1
1290	13
1291	5
1292	2
1293	18
1294	6
1295	3
1296	17
1297	5
1298	4
1299	16
1300	6
1302	9
1303	7
1304	4
1305	12
1306	9
1307	5
1308	13
1309	5
1310	2
1311	12
1312	5
1313	3
1314	10
1315	2
1317	14
1318	3
1319	1
1320	16
1321	3
1322	5
1323	13
1324	6
1326	10
1327	6
1328	3
1329	10
1330	3
1331	4
1332	12
1333	6
1334	7
1335	19
1336	1
1337	3
1338	17
1339	3
1340	5
1341	11
1342	4
1343	6
1344	10
1345	7
1346	4
1347	12
1349	4
1350	13
1351	4
1352	4
1353	15
1354	3
1355	6
1356	12
1357	2
1358	3
1359	13
1360	2
1361	4
1362	11
1363	8
1364	8
1365	15
1366	4
1367	6
1368	11
1369	4
1370	2
1371	12
1372	8
1373	4
1374	13
1375	6
1376	5
1377	10
1378	4
1379	4
1380	9
1381	2
1382	4
1383	14
1384	2
1385	3
1386	15
1387	2
1388	6
1389	19
1390	5
1391	7
1392	20
1393	5
1394	2
1395	18
1396	7
1397	2
1398	9
1399	3
1401	19
1402	3
1403	2
1404	12
1405	3
1406	6
1407	14
1408	6
1409	3
1410	16
1411	3
1412	2
1413	13
1414	4
1416	14
1417	4
1418	5
1419	13
1420	3
1421	5
1422	21
1423	3
1424	4
1425	21
1426	1
1427	6
1428	19
1429	7
1430	7
1431	15
1432	4
1433	3
1434	14
1435	1
1436	5
1437	16
1438	1
1439	2
1440	9
1441	5
1442	6
1443	13
1444	4
1445	5
1446	16
1447	2
1448	4
1449	20
1450	2
1451	4
1452	14
1453	2
1454	5
1455	17
1456	5
1457	2
1458	6
1459	6
1460	3
1461	13
1462	3
1463	3
1464	8
1465	6
1466	2
1467	16
1468	3
1469	8
1470	15
1471	5
1472	2
1473	14
1474	3
1475	6
1476	7
1477	3
1478	5
1479	20
1480	2
1481	1
1482	14
1483	3
1484	7
1485	16
1486	2
1487	7
1488	12
1489	6
1490	3
1491	10
1492	4
1493	4
1494	14
1495	5
1496	3
1497	15
1498	3
1499	7
1500	14
1501	4
1502	2
1503	17
1504	1
1505	3
1506	10
1507	5
1508	7
1509	5
1510	7
1511	2
1512	18
1513	4
1514	3
1515	13
1516	4
1517	1
1518	12
1519	3
1520	5
1521	15
1522	6
1523	3
1524	17
1525	3
1526	7
1527	15
1528	6
1529	2
1530	12
1531	7
1532	5
1533	19
1534	4
1535	2
1536	16
1537	5
1538	4
1539	16
1540	4
1541	5
1542	15
1543	2
1544	4
1545	5
1546	8
1547	4
1548	11
1550	7
1551	6
1552	1
1553	3
1554	12
1555	5
1556	3
1557	4
1558	3
1559	5
1560	11
1561	4
1562	6
1563	8
1564	5
1565	6
1566	19
1567	4
1568	3
1569	13
1570	5
1571	2
1572	12
1573	6
1574	7
1575	15
1576	4
1577	4
1578	9
1579	1
1580	2
1581	13
1582	4
1583	1
1584	9
1585	6
1586	5
1587	18
1588	3
1589	6
1590	21
1591	4
1592	3
1593	15
1594	4
1595	5
1596	17
1597	4
1598	2
1599	5
1600	1
1601	4
1602	12
1603	4
1604	5
1605	8
1606	7
1607	2
1608	12
1609	4
1610	3
1611	13
1612	1
1613	3
1614	13
1615	6
1616	6
1617	13
1618	6
1619	6
1620	12
1621	3
1622	3
1623	13
1625	6
1626	12
1627	5
1628	8
1629	16
1630	3
1632	9
1633	4
1634	2
1635	15
1636	6
1637	3
1638	10
1639	2
1640	4
1641	9
1642	10
1643	3
1644	10
1645	3
1646	4
1647	10
1648	6
1649	2
1650	10
1651	1
1652	2
1653	9
1654	4
1655	6
1656	9
1657	5
1658	5
1659	15
1660	2
1661	3
1662	12
1663	1
1664	7
1665	12
1666	10
1667	1
1668	5
1669	4
1670	3
1671	12
1673	5
1674	9
1675	3
1676	5
1677	11
1678	2
1680	15
1681	6
1682	1
1683	11
1684	6
1685	2
1686	13
1687	4
1689	10
1690	7
1691	4
1692	11
1693	5
1694	1
1695	3
1696	4
1697	2
1698	11
1699	4
1700	4
1701	8
1702	4
1703	6
1704	5
1705	5
1706	5
1707	10
1708	5
1709	2
1710	8
1711	4
1712	4
1713	11
1714	2
1716	6
1717	1
1718	3
1719	5
1720	6
1721	1
1722	13
1723	5
1724	6
1725	13
1726	5
1727	4
1728	8
1729	6
1730	3
1731	10
1732	6
1733	7
1734	15
1735	2
1736	4
1737	12
1738	6
1739	2
1740	7
1741	2
1742	2
1743	11
1744	5
1745	3
1746	11
1747	2
1748	6
1749	8
1750	3
1751	2
1752	11
1753	3
1754	2
1755	10
1756	1
1757	5
1758	10
1759	6
1760	2
1761	11
1762	3
1763	6
1764	10
1765	1
1766	2
1767	13
1768	4
1769	5
1770	10
1771	2
1772	4
1773	5
1774	4
1775	8
1776	8
1777	4
1778	5
1779	15
1780	7
1781	6
1782	11
1783	3
1784	7
1785	4
1786	3
1787	3
1788	14
1789	3
1790	5
1791	9
1792	5
1793	4
1794	5
1795	4
1796	5
1797	15
1798	4
1799	3
1800	11
1801	4
1802	3
1803	4
1804	5
1805	2
1806	6
1807	2
1808	2
1809	7
1810	2
1811	2
1812	4
1813	6
1814	3
1815	9
1816	7
1817	1
1818	12
1819	6
1820	6
1821	10
1822	2
1823	2
1824	7
1825	2
1826	3
1827	7
1828	3
1829	1
1830	13
1831	2
1832	2
1833	5
1834	7
1835	3
1836	8
1837	4
1838	3
1839	9
1841	4
1842	4
1843	3
1844	2
1845	10
1846	1
1847	5
1848	8
1849	4
1850	4
1851	13
1852	6
1853	6
1854	7
1855	4
1856	4
1857	13
1858	4
1859	2
1860	12
1861	1
1863	8
1864	1
1865	4
1866	7
1867	4
1868	7
1869	10
1870	4
1871	3
1872	5
1873	3
1874	6
1875	6
1877	4
1878	11
1879	3
1880	7
1881	10
1882	2
1883	1
1884	7
1885	4
1886	5
1887	9
1888	4
1889	5
1890	3
1891	4
1892	6
1893	5
1894	5
1895	3
1896	8
1897	3
1898	2
1899	7
1901	5
1902	8
1903	6
1904	2
1905	5
1906	4
1907	7
1908	9
1909	2
1910	2
1911	1
1912	1
1914	10
1915	1
1916	3
1917	4
1919	2
1920	4
1921	2
1922	1
1923	9
1924	1
1925	3
1926	9
1927	4
1928	4
1929	8
1930	2
1931	2
1932	8
1933	4
1934	8
1935	11
1936	3
1937	1
1938	12
1939	4
1940	3
1941	13
1942	4
1943	1
1944	9
1945	4
1946	2
1947	7
1948	2
1949	3
1950	5
1951	2
1952	2
1953	7
1954	3
1955	1
1956	8
1957	3
1958	1
1959	7
1960	2
1961	5
1962	3
1963	2
1964	5
1965	9
1966	6
1967	3
1968	7
1969	2
1970	1
1971	5
1972	1
1973	3
1974	6
1975	4
1976	4
1977	8
1978	2
1979	3
1980	5
1981	4
1982	4
1983	12
1984	3
1985	3
1986	8
1987	4
1989	12
1990	1
1992	13
1993	1
1994	3
1995	12
1996	2
1997	3
1998	8
1999	6
2000	4
2001	5
2002	1
2003	1
2004	6
2005	1
2006	1
2007	10
2008	3
2009	6
2010	12
2011	6
2012	1
2013	6
2014	3
2015	2
2016	8
2017	4
2018	2
2019	8
2020	1
2021	1
2022	9
2023	1
2024	2
2025	8
2026	3
2027	3
2028	11
2029	4
2030	7
2031	11
2032	2
2033	2
2034	6
2035	4
2036	3
2037	4
2038	3
2039	2
2040	10
2041	4
2042	1
2043	4
2044	1
2045	1
2046	6
2048	2
2049	9
2051	6
2052	8
2053	1
2055	9
2056	2
2057	2
2058	10
2059	4
2060	2
2061	5
2063	1
2064	7
2065	3
2066	2
2067	4
2068	3
2069	6
2070	8
2071	3
2072	1
2073	13
2074	5
2076	4
2077	6
2078	1
2079	11
2080	1
2081	3
2082	5
2083	4
2084	2
2085	5
2087	1
2088	10
2089	2
2090	2
2091	5
2092	3
2093	2
2094	9
2095	3
2096	3
2097	3
2098	3
2099	2
2100	3
2101	2
2102	1
2103	10
2104	1
2105	2
2106	1
2107	6
2108	2
2109	6
2110	1
2111	1
2112	6
2113	2
2114	5
2115	6
2116	2
2117	4
2118	8
2119	1
2120	2
2121	9
2122	2
2123	1
2124	13
2125	1
2126	3
2127	7
2128	1
2129	3
2130	11
2131	2
2132	5
2133	7
2134	2
2135	8
2136	6
2138	2
2139	6
2141	5
2142	4
2143	2
2144	1
2145	5
2146	3
2147	5
2148	4
2149	1
2150	1
2151	6
2152	4
2153	1
2154	8
2155	1
2156	1
2157	8
2158	1
2159	7
2160	5
2161	1
2162	2
2163	4
2164	2
2166	5
2167	3
2168	3
2169	7
2170	4
2171	2
2172	7
2173	5
2174	3
2175	5
2176	1
2177	1
2178	8
2180	3
2181	5
2182	3
2183	2
2184	5
2185	3
2186	1
2187	4
2188	6
2189	2
2190	5
2191	1
2192	2
2193	4
2194	1
2195	1
2196	3
2197	1
2198	3
2199	5
2200	1
2202	4
2203	3
2204	3
2205	6
2206	2
2207	2
2208	5
2209	2
2210	4
2211	8
2212	1
2213	4
2214	5
2215	2
2216	1
2217	9
2218	2
2219	1
2220	6
2221	2
2222	3
2223	3
2224	2
2225	2
2226	3
2227	3
2228	1
2229	6
2230	3
2231	4
2232	6
2234	1
2235	8
2236	4
2237	1
2238	4
2239	2
2240	1
2241	10
2242	2
2243	2
2244	3
2246	2
2247	11
2248	3
2250	7
2253	5
2254	4
2255	2
2256	4
2257	5
2258	1
2259	8
2260	1
2261	3
2262	6
2263	1
2264	1
2265	6
2266	2
2267	3
2268	7
2269	1
2270	3
2271	7
2272	2
2273	3
2274	9
2275	1
2276	4
2277	7
2278	1
2279	1
2280	4
2281	3
2282	2
2283	4
2285	3
2286	3
2287	4
2288	3
2289	8
2290	1
2291	3
2292	6
2293	1
2294	3
2295	8
2296	1
2298	6
2299	2
2300	2
2301	5
2302	5
2303	1
2304	4
2305	2
2306	5
2307	2
2308	2
2309	3
2310	6
2311	3
2312	1
2313	9
2314	2
2315	1
2316	5
2317	2
2318	2
2319	4
2320	1
2321	1
2322	7
2323	2
2324	4
2325	6
2326	1
2327	2
2328	8
2330	3
2331	6
2332	3
2334	2
2336	3
2337	8
2338	1
2339	2
2340	6
2341	1
2343	4
2345	2
2346	8
2347	1
2348	3
2349	5
2351	1
2352	6
2353	4
2354	2
2355	4
2356	2
2357	1
2358	8
2361	7
2362	4
2363	3
2364	7
2365	1
2366	4
2367	8
2368	1
2369	4
2370	4
2371	1
2372	2
2373	4
2374	2
2375	3
2376	6
2377	5
2378	1
2379	6
2380	4
2381	2
2382	2
2383	1
2384	2
2385	9
2386	5
2388	7
2389	2
2390	4
2391	11
2392	1
2393	2
2394	8
2395	3
2396	4
2397	4
2398	2
2399	2
2400	5
2402	1
2403	7
2404	1
2405	3
2406	7
2407	2
2408	2
2409	7
2410	7
2411	5
2412	2
2413	3
2414	2
2415	7
2416	1
2417	1
2418	4
2419	2
2420	1
2421	6
2422	4
2423	1
2424	10
2425	3
2426	2
2427	3
2429	2
2430	3
2431	2
2432	1
2433	6
2434	1
2435	2
2436	10
2437	3
2438	3
2439	3
2440	4
2441	3
2442	10
2443	2
2444	1
2445	4
2446	1
2447	4
2448	3
2449	2
2450	3
2451	1
2452	2
2454	4
2455	2
2456	1
2457	4
2458	1
2460	5
2461	2
2462	3
2463	3
2465	1
2466	7
2467	2
2468	3
2469	7
2472	2
2473	2
2474	3
2475	5
2476	2
2477	4
2478	5
2479	2
2480	1
2481	1
2482	2
2483	1
2484	8
2485	1
2486	4
2487	2
2488	4
2489	1
2490	3
2491	1
2492	3
2493	9
2495	3
2496	6
2497	4
2499	1
2500	4
2501	1
2502	6
2504	5
2505	2
2506	2
2507	1
2508	5
2509	1
2510	6
2511	6
2512	3
2513	1
2514	6
2516	2
2517	4
2519	2
2520	3
2521	3
2523	4
2524	1
2525	4
2526	3
2527	4
2529	4
2530	2
2531	1
2532	5
2533	2
2535	4
2537	1
2538	7
2539	5
2540	4
2541	2
2542	2
2544	4
2545	1
2547	3
2548	1
2549	2
2550	2
2551	3
2553	2
2554	1
2555	3
2556	6
2558	2
2559	3
2561	2
2562	6
2563	2
2565	6
2567	3
2568	3
2569	2
2571	3
2572	2
2574	7
2575	1
2576	1
2577	10
2579	1
2580	4
2581	2
2582	2
2583	8
2584	2
2585	3
2586	3
2587	2
2589	6
2591	2
2594	1
2595	4
2597	3
2598	6
2599	1
2600	1
2601	3
2602	1
2603	4
2604	4
2605	4
2607	2
2608	1
2609	1
2610	8
2611	2
2612	4
2613	3
2615	3
2616	2
2618	2
2619	4
2622	2
2623	3
2624	1
2625	3
2628	1
2629	3
2630	2
2631	2
2632	1
2633	2
2634	1
2635	1
2636	1
2637	3
2638	1
2639	2
2640	5
2641	1
2642	2
2643	3
2644	3
2645	3
2646	7
2648	3
2649	1
2650	1
2651	1
2653	1
2654	1
2656	2
2658	1
2659	1
2660	2
2661	4
2662	2
2663	2
2664	5
2665	3
2666	1
2667	6
2669	2
2670	8
2671	1
2673	4
2675	3
2676	3
2677	1
2678	2
2679	4
2680	1
2681	1
2682	6
2683	3
2684	1
2685	4
2686	2
2687	2
2688	3
2689	4
2690	3
2691	5
2692	1
2693	2
2694	4
2695	4
2696	1
2698	1
2700	2
2702	3
2703	2
2704	2
2706	3
2709	6
2710	2
2711	3
2712	9
2713	3
2714	1
2715	2
2717	1
2718	2
2719	1
2720	1
2721	4
2723	2
2724	1
2725	3
2727	3
2728	1
2729	2
2730	2
2731	1
2732	2
2733	6
2734	2
2735	3
2736	3
2739	4
2742	5
2744	1
2745	1
2747	2
2748	4
2751	1
2752	1
2753	1
2754	1
2755	1
2756	1
2757	5
2759	3
2760	3
2761	3
2763	1
2764	1
2765	1
2766	3
2767	1
2768	3
2769	1
2770	1
2771	1
2772	10
2773	2
2775	4
2776	1
2778	5
2779	4
2780	2
2781	6
2782	1
2783	3
2784	4
2785	3
2786	2
2787	3
2788	1
2789	1
2790	6
2792	2
2793	2
2794	1
2795	1
2796	1
2797	3
2798	1
2799	2
2800	4
2801	2
2802	5
2803	1
2804	3
2805	3
2808	5
2809	2
2811	5
2812	1
2813	4
2815	1
2816	3
2817	1
2818	3
2819	3
2820	3
2821	2
2822	2
2823	2
2824	1
2825	1
2826	1
2828	2
2829	3
2832	3
2833	1
2835	3
2836	1
2838	2
2839	1
2840	1
2841	2
2843	1
2844	3
2845	1
2846	1
2847	1
2848	1
2850	4
2853	3
2854	1
2856	4
2857	1
2858	2
2859	1
2860	1
2861	2
2862	3
2864	1
2865	2
2866	2
2867	2
2868	4
2869	2
2871	4
2872	2
2873	2
2874	2
2875	1
2876	3
2877	4
2879	5
2880	2
2882	2
2883	3
2884	1
2886	6
2887	1
2888	3
2889	3
2890	1
2891	1
2892	1
2895	5
2896	1
2897	1
2898	1
2899	3
2900	1
2904	2
2906	1
2907	2
2909	1
2910	3
2911	3
2912	2
2913	3
2914	1
2916	1
2917	1
2918	1
2919	4
2921	2
2922	2
2923	1
2925	3
2926	1
2927	1
2928	7
2929	1
2930	2
2931	7
2932	2
2933	1
2934	2
2936	2
2937	1
2938	1
2939	2
2940	2
2942	1
2943	2
2944	2
2945	3
2946	1
2949	2
2950	1
2951	1
2952	5
2953	2
2954	2
2955	3
2956	2
2957	2
2958	4
2959	2
2960	1
2961	3
2962	1
2964	3
2967	2
2968	1
2969	4
2970	1
2971	1
2972	1
2973	1
2975	3
2976	1
2977	1
2978	2
2979	2
2980	1
2981	2
2982	2
2983	2
2985	2
2986	2
2987	1
2988	1
2990	1
2992	3
2993	2
2994	3
2995	1
2996	1
2997	7
2998	3
2999	1
3001	1
3002	2
3003	4
3004	2
3005	1
3006	2
3007	1
3008	2
3010	2
3011	1
3012	3
3013	1
3014	1
3015	2
3017	3
3018	5
3019	1
3020	1
3021	2
3023	1
3024	3
3025	2
3027	3
3028	1
3029	2
3030	1
3031	1
3032	1
3033	2
3034	2
3035	3
3036	3
3037	2
3038	1
3039	4
3040	3
3041	2
3042	1
3044	1
3045	4
3047	1
3048	4
3049	1
3051	2
3056	1
3057	7
3058	2
3060	6
3061	1
3062	2
3063	3
3066	1
3067	1
3068	1
3069	2
3070	2
3071	1
3072	6
3073	2
3074	1
3075	5
3076	1
3077	2
3078	1
3081	2
3082	3
3083	2
3084	3
3085	1
3086	1
3087	4
3088	3
3089	1
3090	4
3093	1
3095	2
3096	4
3098	1
3100	1
3104	4
3105	6
3107	2
3108	2
3109	1
3110	3
3111	2
3112	2
3113	2
3114	2
3115	1
3116	3
3117	2
3120	4
3121	1
3122	3
3123	1
3124	2
3125	2
3126	3
3127	1
3128	1
3129	2
3130	2
3131	1
3132	2
3133	4
3135	6
3136	1
3137	2
3139	1
3141	4
3142	1
3143	1
3144	2
3146	1
3147	4
3148	1
3149	1
3150	1
3151	1
3152	3
3156	4
3157	2
3158	1
3159	2
3160	1
3161	2
3162	3
3163	1
3164	3
3165	1
3166	2
3168	2
3169	1
3171	3
3173	1
3174	2
3176	1
3177	2
3179	1
3180	4
3182	2
3184	1
3185	3
3187	1
3189	1
3191	3
3192	2
3195	5
3196	4
3197	3
3198	2
3200	2
3201	3
3202	1
3203	1
3204	3
3206	2
3207	2
3210	3
3211	1
3212	2
3218	1
3219	2
3221	1
3222	3
3223	2
3224	2
3225	2
3226	1
3228	3
3230	1
3231	3
3234	2
3235	2
3236	2
3237	1
3239	1
3240	2
3241	3
3243	4
3244	1
3246	2
3247	1
3248	2
3249	3
3250	1
3251	2
3252	1
3253	2
3255	4
3257	2
3258	3
3259	1
3261	2
3262	2
3264	2
3265	1
3266	3
3267	1
3269	2
3271	1
3273	1
3274	2
3275	4
3276	3
3277	1
3279	3
3280	1
3281	1
3282	2
3283	1
3284	2
3287	1
3288	5
3289	1
3290	1
3291	2
3293	1
3294	1
3295	1
3297	2
3300	1
3301	3
3303	5
3304	2
3305	1
3306	3
3309	3
3310	1
3312	2
3313	3
3314	1
3315	2
3316	1
3317	1
3318	1
3319	1
3321	1
3322	1
3323	1
3324	3
3325	1
3326	2
3327	1
3328	2
3329	2
3330	1
3331	1
3334	1
3335	3
3336	2
3337	3
3339	1
3341	1
3342	4
3343	1
3345	3
3348	1
3350	2
3351	1
3352	2
3353	1
3354	2
3356	1
3357	2
3360	3
3362	1
3363	1
3364	2
3365	1
3366	1
3367	1
3369	2
3370	1
3371	2
3372	2
3373	3
3374	1
3375	2
3376	1
3378	2
3379	1
3381	1
3382	1
3383	2
3384	1
3386	1
3387	2
3388	1
3395	3
3396	2
3398	1
3400	2
3402	5
3406	2
3407	1
3408	3
3409	1
3411	1
3416	1
3420	2
3421	1
3422	1
3423	4
3425	1
3426	3
3427	1
3428	2
3429	2
3430	1
3431	1
3432	2
3434	2
3435	2
3436	1
3438	1
3439	1
3441	1
3444	3
3445	2
3446	2
3447	1
3450	1
3452	1
3453	3
3454	1
3455	2
3456	1
3459	1
3460	1
3461	1
3462	7
3463	1
3464	1
3465	2
3468	5
3470	2
3471	2
3472	1
3473	1
3474	2
3476	1
3477	2
3478	1
3479	1
3480	1
3481	1
3482	2
3483	1
3484	2
3485	2
3486	2
3487	1
3488	1
3489	1
3495	1
3496	1
3497	1
3498	1
3499	2
3501	1
3503	1
3505	1
3506	1
3507	2
3508	3
3509	2
3510	2
3512	1
3513	1
3515	1
3516	4
3517	3
3518	2
3519	1
3520	1
3521	1
3522	1
3525	3
3526	2
3527	1
3528	4
3529	1
3530	3
3531	1
3532	1
3536	2
3537	6
3539	2
3544	3
3545	1
3546	1
3547	1
3548	3
3549	1
3552	3
3554	1
3555	3
3557	1
3558	1
3561	2
3562	1
3564	1
3565	1
3567	2
3568	3
3569	3
3570	2
3573	1
3575	1
3576	1
3577	1
3582	1
3584	2
3585	1
3587	3
3588	3
3591	2
3592	1
3593	1
3594	1
3597	4
3598	1
3600	1
3602	2
3606	2
3607	1
3608	1
3609	3
3610	1
3612	1
3614	3
3615	1
3618	2
3619	1
3620	1
3621	2
3624	2
3625	1
3626	1
3627	2
3631	2
3633	1
3636	3
3638	2
3640	1
3642	3
3643	3
3645	5
3646	1
3647	1
3648	3
3649	2
3650	1
3651	3
3652	4
3653	2
3654	1
3655	1
3657	1
3659	3
3660	2
3661	1
3663	2
3665	1
3666	4
3667	4
3668	1
3672	2
3673	1
3674	1
3675	1
3677	2
3678	1
3679	1
3680	1
3681	1
3684	1
3685	2
3686	2
3687	2
3688	1
3689	1
3690	1
3692	1
3693	1
3694	2
3696	2
3698	1
3699	2
3700	1
3701	1
3702	4
3703	1
3704	1
3705	4
3706	1
3708	1
3710	3
3712	1
3713	1
3714	3
3717	1
3718	1
3720	3
3721	3
3723	3
3726	2
3727	2
3729	2
3730	1
3731	1
3732	1
3733	1
3735	3
3736	1
3737	1
3738	1
3739	1
3741	3
3743	2
3746	1
3749	2
3750	3
3753	3
3755	1
3756	4
3757	2
3758	1
3759	1
3763	2
3765	1
3766	1
3767	2
3768	2
3771	4
3772	1
3774	2
3776	2
3777	1
3778	1
3779	1
3782	1
3786	1
3789	1
3791	1
3792	1
3793	2
3797	1
3798	3
3799	1
3801	1
3802	1
3804	1
3806	4
3807	2
3810	3
3812	1
3815	1
3819	2
3820	1
3822	5
3823	1
3825	2
3826	1
3827	1
3828	1
3831	1
3832	2
3833	2
3834	1
3838	2
3840	1
3841	1
3845	1
3846	1
3847	1
3849	2
3850	1
3852	2
3854	1
3855	1
3858	2
3859	2
3860	1
3861	3
3864	2
3866	2
3868	3
3870	3
3873	3
3876	1
3878	2
3879	4
3881	1
3882	1
3883	1
3885	3
3886	1
3887	2
3889	1
3890	1
3891	2
3894	2
3895	1
3897	2
3898	1
3900	2
3903	1
3904	1
3905	1
3906	2
3907	1
3909	1
3912	1
3915	1
3918	1
3920	1
3921	2
3923	1
3924	1
3925	1
3926	1
3927	2
3928	1
3930	1
3932	1
3935	1
3939	1
3940	2
3942	1
3944	1
3946	1
3947	1
3948	1
3949	1
3951	2
3953	2
3954	2
3956	1
3957	2
3960	1
3961	2
3962	1
3964	2
3966	2
3967	1
3968	1
3969	1
3971	1
3972	2
3975	3
3978	2
3980	1
3981	1
3985	1
3987	1
3989	1
3990	1
3992	1
3993	2
3995	1
3999	2
4000	1
4003	1
4004	1
4005	1
4006	2
4007	1
4008	2
4011	3
4012	1
4013	1
4014	3
4017	3
4019	1
4020	1
4021	1
4032	1
4035	1
4036	1
4038	2
4042	2
4043	1
4044	1
4046	1
4047	1
4048	1
4050	1
4052	1
4053	1
4055	2
4056	1
4057	3
4058	1
4059	1
4063	1
4065	1
4066	1
4068	1
4071	1
4072	1
4073	1
4074	3
4077	3
4079	1
4080	2
4081	1
4082	2
4084	4
4087	1
4089	1
4091	1
4093	2
4094	1
4095	3
4097	1
4098	2
4099	1
4100	1
4101	3
4104	2
4107	1
4109	3
4116	1
4117	1
4119	1
4120	1
4122	1
4125	4
4128	1
4130	2
4131	3
4132	1
4133	1
4141	1
4144	1
4146	6
4152	3
4154	1
4156	1
4158	1
4162	2
4164	4
4165	1
4170	2
4172	3
4173	1
4174	2
4178	1
4179	3
4180	2
4185	3
4188	1
4190	1
4191	2
4192	1
4195	2
4196	1
4197	1
4198	1
4202	1
4203	3
4205	1
4206	2
4209	1
4210	1
4212	1
4214	1
4218	1
4221	1
4229	1
4230	1
4232	2
4236	1
4239	1
4240	1
4243	1
4245	4
4247	2
4250	1
4251	1
4252	1
4253	1
4259	1
4265	1
4269	1
4270	1
4272	2
4277	1
4278	1
4283	2
4284	1
4287	1
4288	1
4293	2
4294	1
4296	2
4297	1
4298	1
4302	2
4305	1
4306	1
4308	1
4309	1
4310	1
4319	1
4320	1
4323	2
4329	1
4331	1
4333	1
4335	3
4341	1
4342	1
4344	1
4345	2
4346	1
4349	1
4350	1
4353	1
4362	1
4365	2
4368	1
4372	1
4374	1
4376	1
4377	1
4380	2
4381	1
4383	1
4386	1
4388	1
4389	2
4392	2
4394	1
4395	3
4397	2
4401	3
4403	4
4404	1
4405	2
4407	2
4414	1
4415	1
4416	1
4425	2
4427	1
4433	1
4434	1
4437	1
4442	1
4443	3
4445	1
4447	3
4449	2
4452	1
4455	1
4456	3
4459	1
4460	1
4461	2
4463	1
4467	2
4479	1
4480	1
4485	3
4487	1
4489	1
4492	1
4493	1
4494	2
4496	2
4497	2
4498	1
4500	2
4502	1
4508	1
4509	1
4518	2
4520	1
4521	1
4524	1
4530	1
4536	4
4539	2
4540	1
4542	1
4548	2
4549	1
4552	1
4553	1
4554	1
4557	1
4560	2
4561	1
4563	1
4565	1
4566	2
4571	1
4572	1
4576	1
4581	1
4582	1
4586	1
4590	1
4592	1
4593	2
4595	1
4615	3
4616	1
4629	1
4632	1
4640	1
4643	3
4644	2
4646	1
4647	1
4653	1
4654	2
4656	1
4659	1
4661	1
4662	1
4664	1
4665	1
4670	1
4671	1
4672	2
4680	2
4682	1
4685	1
4688	1
4692	2
4696	1
4702	2
4703	1
4704	1
4708	1
4716	1
4718	1
4719	2
4728	1
4729	1
4730	1
4733	1
4734	1
4736	2
4739	1
4740	1
4741	1
4743	1
4745	1
4748	1
4750	1
4751	1
4752	2
4755	1
4756	1
4758	1
4759	2
4761	1
4767	2
4771	1
4776	1
4791	2
4792	1
4799	2
4809	1
4816	1
4818	1
4827	1
4829	1
4830	1
4836	1
4837	1
4838	1
4839	2
4841	1
4844	1
4846	1
4847	1
4848	1
4854	1
4863	3
4866	1
4867	1
4870	1
4873	2
4876	1
4878	1
4881	2
4885	1
4889	1
4893	1
4894	1
4898	1
4904	1
4908	2
4912	1
4916	1
4917	3
4920	1
4927	2
4944	1
4945	2
4946	1
4947	2
4960	1
4962	2
4965	1
4966	1
4968	1
4971	2
4974	1
4975	1
4983	1
4987	1
4988	1
4991	1
4992	1
4993	1
4996	1
5001	1
5012	1
5020	1
5023	1
5025	1
5028	2
5029	1
5030	1
5031	2
5032	1
5037	2
5041	1
5043	1
5046	1
5052	3
5053	1
5058	1
5059	1
5070	3
5073	2
5078	1
5081	1
5082	1
5083	1
5094	1
5096	1
5100	3
5106	2
5109	1
5112	1
5114	2
5115	2
5121	1
5122	1
5125	1
5127	1
5130	1
5131	1
5136	1
5140	1
5145	1
5150	1
5151	1
5152	2
5160	1
5169	1
5172	1
5181	1
5182	1
5187	1
5188	1
5191	3
5196	1
5201	1
5206	1
5208	1
5210	2
5213	1
5214	1
5217	1
5224	1
5228	1
5229	1
5232	2
5234	1
5235	1
5237	1
5240	1
5241	1
5244	2
5247	2
5260	1
5267	1
5268	1
5273	1
5280	1
5283	1
5286	1
5291	1
5292	1
5297	1
5299	1
5316	1
5321	1
5322	1
5324	1
5339	1
5346	1
5350	1
5355	2
5364	1
5365	1
5371	1
5372	1
5375	1
5378	1
5380	1
5385	1
5390	1
5394	1
5400	1
5404	1
5405	1
5406	2
5410	2
5417	1
5423	1
5427	1
5429	1
5436	1
5444	1
5452	1
5455	1
5458	3
5463	1
5464	1
5465	1
5467	1
5478	1
5488	1
5497	1
5498	1
5500	1
5512	1
5516	1
5522	1
5524	1
5527	1
5529	2
5532	2
5534	1
5536	1
5542	1
5544	1
5547	2
5549	1
5551	1
5552	1
5553	2
5561	1
5571	3
5577	1
5583	3
5595	1
5604	1
5606	1
5609	1
5610	1
5611	1
5613	3
5615	1
5619	1
5620	1
5635	1
5639	1
5645	1
5646	1
5649	1
5653	1
5658	1
5661	2
5662	1
5664	1
5667	1
5676	1
5682	3
5688	1
5694	1
5696	1
5703	1
5707	1
5710	1
5715	1
5717	1
5718	1
5721	2
5726	1
5728	1
5731	1
5733	1
5737	1
5740	1
5742	2
5748	1
5757	1
5769	1
5773	1
5784	1
5805	1
5806	1
5810	1
5811	1
5814	1
5816	1
5817	4
5820	3
5823	2
5829	1
5830	1
5831	2
5832	2
5838	1
5841	1
5863	2
5864	1
5868	1
5885	1
5895	1
5896	1
5903	1
5915	1
5922	2
5937	1
5940	2
5952	1
5957	1
5958	2
5964	1
5965	1
5970	1
5978	1
5982	1
5988	1
5995	1
6000	1
6009	1
6013	1
6029	1
6036	1
6039	1
6040	1
6050	2
6051	1
6053	1
6060	1
6065	1
6066	1
6069	2
6073	1
6080	1
6086	1
6090	1
6092	1
6102	1
6103	1
6107	1
6108	1
6109	1
6110	1
6113	1
6120	1
6132	1
6137	1
6140	1
6142	1
6143	1
6156	1
6165	1
6172	1
6175	1
6177	1
6189	1
6190	1
6195	1
6204	1
6210	1
6212	1
6217	2
6221	1
6231	1
6234	1
6237	1
6240	2
6250	2
6254	1
6267	1
6269	1
6280	1
6290	1
6314	1
6315	2
6322	1
6326	1
6328	1
6332	1
6338	1
6339	1
6344	1
6347	2
6364	1
6366	1
6385	1
6405	1
6408	1
6411	1
6424	1
6426	1
6432	1
6433	1
6442	1
6465	1
6468	1
6472	1
6487	1
6490	1
6502	1
6505	1
6510	1
6516	1
6522	1
6524	1
6525	1
6531	1
6549	1
6556	1
6585	1
6595	1
6598	1
6600	1
6636	1
6639	1
6644	1
6651	1
6656	1
6659	1
6676	1
6677	1
6681	1
6682	1
6687	1
6692	1
6701	1
6709	1
6710	1
6732	1
6740	1
6743	1
6747	1
6749	1
6750	1
6759	1
6762	1
6798	1
6801	1
6816	1
6831	1
6837	1
6843	1
6864	1
6874	1
6876	1
6879	1
6888	1
6890	1
6892	1
6894	1
6912	2
6923	1
6924	1
6936	1
6944	1
6945	1
6963	1
6966	1
6985	1
6991	1
6999	1
7026	1
7060	1
7062	1
7065	1
7066	1
7072	1
7093	1
7101	1
7115	1
7136	1
7148	1
7155	1
7158	1
7173	2
7193	1
7194	1
7200	1
7212	1
7218	2
7229	1
7233	1
7242	1
7257	1
7260	1
7264	1
7285	1
7287	1
7299	1
7317	1
7326	2
7338	1
7359	1
7363	1
7386	1
7412	1
7413	1
7454	2
7461	1
7464	2
7473	2
7478	1
7494	2
7530	1
7533	1
7534	1
7535	1
7540	1
7542	1
7551	2
7555	1
7577	1
7599	1
7605	1
7623	1
7626	1
7647	2
7658	1
7665	2
7669	1
7676	1
7688	1
7697	1
7700	1
7704	1
7710	1
7725	1
7731	1
7732	1
7743	1
7746	1
7759	1
7770	1
7787	1
7838	1
7860	1
7863	1
7869	1
7881	2
7883	1
7885	1
7894	1
7910	1
7923	1
7958	1
7960	1
7987	1
7994	1
7995	1
8004	1
8013	2
8043	1
8106	1
8109	1
8118	1
8131	1
8141	1
8162	1
8175	1
8262	2
8276	1
8310	1
8322	1
8338	1
8355	1
8367	1
8389	1
8397	1
8417	1
8427	1
8442	1
8454	1
8484	1
8498	1
8517	1
8530	1
8550	1
8580	1
8583	1
8604	2
8613	1
8676	1
8715	1
8723	1
8732	1
8758	1
8769	1
8775	1
8854	1
8895	1
8910	1
8956	1
8993	1
9017	1
9032	1
9058	1
9066	1
9115	1
9117	1
9129	1
9144	1
9174	1
9178	1
9225	1
9271	1
9290	1
9342	1
9355	1
9366	1
9388	1
9392	1
9395	1
9427	1
9498	1
9500	1
9507	1
9517	1
9523	1
9538	1
9539	1
9541	1
9598	2
9672	1
9680	1
9690	1
9738	1
9753	1
9768	1
9873	1
9894	1
9951	1
10008	1
10208	1
10415	1
10431	1
10513	1
10526	1
10612	1
10625	1
10632	1
10639	1
10643	1
10731	1
10751	1
10783	1
10950	1
10954	1
10964	1
11022	1
11109	1
11113	1
11139	1
11179	1
11271	1
11273	1
11280	1
11292	1
11420	1
11565	1
11655	1
11778	1
12053	1
12076	1
12183	1
12198	1
12207	1
12222	1
12246	1
12254	1
12292	1
12348	1
12381	1
12513	1
12777	1
12795	1
12840	1
12900	1
12911	1
12946	1
13049	1
13262	1
13339	1
13365	1
13479	1
13635	1
13648	1
13677	1
13769	1
13802	1
13807	1
13846	1
13872	1
13911	1
13922	1
13923	1
13938	1
13993	1
14006	1
14007	1
14160	1
14214	1
14445	1
14555	1
14571	1
14610	1
14666	1
14916	1
14982	1
15062	1
15071	1
15262	1
15337	1
15375	1
15695	2
15742	1
16143	1
16182	1
16215	1
16254	1
16659	1
16793	1
16905	1
17321	1
17385	1
17821	1
19046	1
20993	1
21961	1
24185	1
25680	1
27319	1
27725	1
28537	1
43539	1
114425	1
